Time Since Start (s),Frequency (Hz),Magnitude (dBFS),Range (m)
44.146131,93140.99803921569,-23.00460322594663,0.3366890735294119
44.146131,95188.05294117646,-22.795851112551464,0.3366890735294119
44.146131,97235.10784313724,-19.65769023417931,0.3366890735294119
44.146131,99282.162745098,-24.11236452475482,0.3366890735294119
44.146131,101329.21764705885,-28.06194929562577,0.3366890735294119
44.146131,103376.2725490196,-32.89234859367625,0.3366890735294119
44.146131,105423.32745098036,-17.909097934972337,0.3366890735294119
44.146131,107470.38235294116,-20.306117508662712,0.3366890735294119
44.146131,109517.43725490198,-17.007628704295257,0.3366890735294119
44.146131,111564.49215686276,-25.405401632706575,0.3366890735294119
44.146131,113611.54705882352,-17.751863243644188,0.3366890735294119
44.146131,115658.60196078428,-21.549498462494768,0.3366890735294119
44.146131,117705.65686274506,-23.61551410948238,0.3366890735294119
44.146131,119752.71176470588,-15.181566794927488,0.3366890735294119
44.146131,121799.76666666666,-17.161499329484446,0.3366890735294119
44.146131,123846.82156862743,-20.46440170490316,0.3366890735294119
44.146131,125893.8764705882,-25.034861494861943,0.3366890735294119
44.146131,127940.93137254904,-9.4198945960041,0.3366890735294119
44.146131,129987.9862745098,3.3282136882605973,0.3366890735294119
44.146131,132035.04117647058,-0.1266571465799773,0.3366890735294119
44.146131,134082.09607843135,-6.730124035017125,0.3366890735294119
44.146131,136129.15098039212,-17.829044689561236,0.3366890735294119
44.146131,138176.20588235295,-13.128837954482693,0.3366890735294119
44.146131,140223.26078431372,-11.351226144562084,0.3366890735294119
44.146131,142270.3156862745,-27.025910259319417,0.3366890735294119
44.146131,144317.37058823527,-27.503554249764846,0.3366890735294119
44.146131,146364.4254901961,-24.305628033058085,0.3366890735294119
44.146131,148411.48039215687,-23.81099882990679,0.3366890735294119
44.146131,150458.53529411764,-16.771821784177106,0.3366890735294119
44.146131,152505.5901960784,-39.69633325481404,0.3366890735294119
44.146131,154552.64509803918,-19.893539624019503,0.3366890735294119
44.146131,156599.7,-23.326986354718677,0.3366890735294119
44.146131,158646.75490196078,-26.945062634600653,0.3366890735294119
44.146131,160693.80980392155,-23.397971376295583,0.3366890735294119
44.146131,162740.86470588233,-30.69873844127288,0.3366890735294119
44.146131,164787.91960784316,-30.796385166855348,0.3366890735294119
44.146131,166834.97450980393,-29.837704601631497,0.3366890735294119
44.146131,168882.0294117647,-26.29063008663486,0.3366890735294119
44.146131,170929.08431372547,-35.97070338117224,0.3366890735294119
44.146131,172976.13921568624,-29.639216055837405,0.3366890735294119
44.146131,175023.19411764707,-30.654297891092103,0.3366890735294119
44.146131,177070.24901960784,-36.38939623080235,0.3366890735294119
44.146131,179117.3039215686,-27.417092157097727,0.3366890735294119
44.146131,181164.3588235294,-21.962461854417384,0.3366890735294119
44.146131,183211.41372549016,-16.649571302793554,0.3366890735294119
44.146131,185258.468627451,-24.795217826532067,0.3366890735294119
44.146131,187305.52352941176,-23.26004260032777,0.3366890735294119
44.146131,189352.57843137253,-21.747239666680475,0.3366890735294119
44.146131,191399.6333333333,-29.69557545847357,0.3366890735294119
44.146131,193446.68823529413,-33.98069256645784,0.3366890735294119
44.146131,195493.7431372549,-26.503232938903416,0.3366890735294119
44.146131,197540.79803921568,-34.834425693720455,0.3366890735294119
44.146131,199587.85294117645,-30.586708788867465,0.3366890735294119
44.146131,201634.9078431372,-36.48793098974448,0.3366890735294119
44.146131,203681.96274509805,-27.189716612315937,0.3366890735294119
44.146131,205729.0176470588,-43.7813078231752,0.3366890735294119
44.146131,207776.0725490196,-29.51651906448525,0.3366890735294119
44.146131,209823.12745098036,-35.460574580708546,0.3366890735294119
44.146131,211870.1823529412,-34.29617613566025,0.3366890735294119
44.146131,213917.23725490196,-39.14724602573265,0.3366890735294119
44.203919,93140.99803921569,-22.73387026939411,0.3366890735294119
44.203919,95188.05294117646,-23.09895678947539,0.3366890735294119
44.203919,97235.10784313724,-19.07275327080343,0.3366890735294119
44.203919,99282.162745098,-25.27314797557385,0.3366890735294119
44.203919,101329.21764705885,-29.45410697203845,0.3366890735294119
44.203919,103376.2725490196,-34.80469546003884,0.3366890735294119
44.203919,105423.32745098036,-18.77476662340157,0.3366890735294119
44.203919,107470.38235294116,-19.58708966782049,0.3366890735294119
44.203919,109517.43725490198,-16.733507521044046,0.3366890735294119
44.203919,111564.49215686276,-23.408637085308072,0.3366890735294119
44.203919,113611.54705882352,-17.3725835758066,0.3366890735294119
44.203919,115658.60196078428,-21.37359927946509,0.3366890735294119
44.203919,117705.65686274506,-24.781917463502417,0.3366890735294119
44.203919,119752.71176470588,-15.941867378157188,0.3366890735294119
44.203919,121799.76666666666,-16.968220075804425,0.3366890735294119
44.203919,123846.82156862743,-20.273526322828328,0.3366890735294119
44.203919,125893.8764705882,-25.316423729448992,0.3366890735294119
44.203919,127940.93137254904,-9.510381065289977,0.3366890735294119
44.203919,129987.9862745098,3.3905994358578817,0.3366890735294119
44.203919,132035.04117647058,-0.1484005574825262,0.3366890735294119
44.203919,134082.09607843135,-6.566559301339867,0.3366890735294119
44.203919,136129.15098039212,-17.70136603377552,0.3366890735294119
44.203919,138176.20588235295,-12.387123567014733,0.3366890735294119
44.203919,140223.26078431372,-11.510347060206096,0.3366890735294119
44.203919,142270.3156862745,-29.645804243205077,0.3366890735294119
44.203919,144317.37058823527,-26.22198092704304,0.3366890735294119
44.203919,146364.4254901961,-25.087537729940372,0.3366890735294119
44.203919,148411.48039215687,-24.47009716473563,0.3366890735294119
44.203919,150458.53529411764,-17.357514394622545,0.3366890735294119
44.203919,152505.5901960784,-36.60879340561314,0.3366890735294119
44.203919,154552.64509803918,-19.872468118587857,0.3366890735294119
44.203919,156599.7,-23.346870682696963,0.3366890735294119
44.203919,158646.75490196078,-25.233964698969174,0.3366890735294119
44.203919,160693.80980392155,-24.377439734967673,0.3366890735294119
44.203919,162740.86470588233,-29.47032649597679,0.3366890735294119
44.203919,164787.91960784316,-28.73441615541806,0.3366890735294119
44.203919,166834.97450980393,-26.21337611132965,0.3366890735294119
44.203919,168882.0294117647,-31.6887171868798,0.3366890735294119
44.203919,170929.08431372547,-33.39936341600592,0.3366890735294119
44.203919,172976.13921568624,-28.688832470062792,0.3366890735294119
44.203919,175023.19411764707,-27.744866302484457,0.3366890735294119
44.203919,177070.24901960784,-30.351280911706993,0.3366890735294119
44.203919,179117.3039215686,-25.917390293163216,0.3366890735294119
44.203919,181164.3588235294,-21.3483597612961,0.3366890735294119
44.203919,183211.41372549016,-15.736522727278077,0.3366890735294119
44.203919,185258.468627451,-26.913013818745583,0.3366890735294119
44.203919,187305.52352941176,-22.813121504713173,0.3366890735294119
44.203919,189352.57843137253,-20.41700382548938,0.3366890735294119
44.203919,191399.6333333333,-32.05198452576595,0.3366890735294119
44.203919,193446.68823529413,-33.11964184747533,0.3366890735294119
44.203919,195493.7431372549,-27.74120166981849,0.3366890735294119
44.203919,197540.79803921568,-44.49408693879028,0.3366890735294119
44.203919,199587.85294117645,-32.577411850548756,0.3366890735294119
44.203919,201634.9078431372,-32.540607416313755,0.3366890735294119
44.203919,203681.96274509805,-29.95397693763539,0.3366890735294119
44.203919,205729.0176470588,-34.908044827976155,0.3366890735294119
44.203919,207776.0725490196,-29.83982382406073,0.3366890735294119
44.203919,209823.12745098036,-37.84416313956542,0.3366890735294119
44.203919,211870.1823529412,-36.47070587448505,0.3366890735294119
44.203919,213917.23725490196,-37.30139215127419,0.3366890735294119
44.261712,93140.99803921569,-27.12159488877508,0.3366890735294119
44.261712,95188.05294117646,-29.582081358915477,0.3366890735294119
44.261712,97235.10784313724,-23.4565545839492,0.3366890735294119
44.261712,99282.162745098,-29.023157500936655,0.3366890735294119
44.261712,101329.21764705885,-30.80253916164881,0.3366890735294119
44.261712,103376.2725490196,-23.805672829818175,0.3366890735294119
44.261712,105423.32745098036,-30.961326444452055,0.3366890735294119
44.261712,107470.38235294116,-31.004055655901517,0.3366890735294119
44.261712,109517.43725490198,-29.299838038094297,0.3366890735294119
44.261712,111564.49215686276,-22.66624291162888,0.3366890735294119
44.261712,113611.54705882352,-20.888105303516213,0.3366890735294119
44.261712,115658.60196078428,-30.769983078666073,0.3366890735294119
44.261712,117705.65686274506,-27.054182924929712,0.3366890735294119
44.261712,119752.71176470588,-17.757925289282184,0.3366890735294119
44.261712,121799.76666666666,-29.615492106527803,0.3366890735294119
44.261712,123846.82156862743,-14.378881678541,0.3366890735294119
44.261712,125893.8764705882,-15.121394078905102,0.3366890735294119
44.261712,127940.93137254904,-7.1903698997926835,0.3366890735294119
44.261712,129987.9862745098,2.074151926694997,0.3366890735294119
44.261712,132035.04117647058,0.0503229250367914,0.3366890735294119
44.261712,134082.09607843135,-11.232198507418754,0.3366890735294119
44.261712,136129.15098039212,-10.200635696877312,0.3366890735294119
44.261712,138176.20588235295,-12.726624285007311,0.3366890735294119
44.261712,140223.26078431372,-17.84203077045461,0.3366890735294119
44.261712,142270.3156862745,-15.836731891185448,0.3366890735294119
44.261712,144317.37058823527,-22.58311884451436,0.3366890735294119
44.261712,146364.4254901961,-27.452384417511443,0.3366890735294119
44.261712,148411.48039215687,-26.486493639521193,0.3366890735294119
44.261712,150458.53529411764,-16.08491996740964,0.3366890735294119
44.261712,152505.5901960784,-41.994165288870335,0.3366890735294119
44.261712,154552.64509803918,-18.430286944757135,0.3366890735294119
44.261712,156599.7,-20.93988817994236,0.3366890735294119
44.261712,158646.75490196078,-30.04149213808975,0.3366890735294119
44.261712,160693.80980392155,-23.35176150270332,0.3366890735294119
44.261712,162740.86470588233,-32.049130249199166,0.3366890735294119
44.261712,164787.91960784316,-32.32984667966549,0.3366890735294119
44.261712,166834.97450980393,-28.33490849001261,0.3366890735294119
44.261712,168882.0294117647,-27.19916045939693,0.3366890735294119
44.261712,170929.08431372547,-32.311950278362104,0.3366890735294119
44.261712,172976.13921568624,-26.37253039467296,0.3366890735294119
44.261712,175023.19411764707,-30.780134861939537,0.3366890735294119
44.261712,177070.24901960784,-27.12138153822824,0.3366890735294119
44.261712,179117.3039215686,-35.27405174122844,0.3366890735294119
44.261712,181164.3588235294,-25.39935612663711,0.3366890735294119
44.261712,183211.41372549016,-19.3589787131278,0.3366890735294119
44.261712,185258.468627451,-24.05922784513489,0.3366890735294119
44.261712,187305.52352941176,-31.734770186938263,0.3366890735294119
44.261712,189352.57843137253,-21.977030352768782,0.3366890735294119
44.261712,191399.6333333333,-24.930089380520357,0.3366890735294119
44.261712,193446.68823529413,-26.88709175831976,0.3366890735294119
44.261712,195493.7431372549,-34.21812646047161,0.3366890735294119
44.261712,197540.79803921568,-34.08135534200258,0.3366890735294119
44.261712,199587.85294117645,-37.55155758196898,0.3366890735294119
44.261712,201634.9078431372,-29.44173328263908,0.3366890735294119
44.261712,203681.96274509805,-27.820458304245623,0.3366890735294119
44.261712,205729.0176470588,-36.102116312755555,0.3366890735294119
44.261712,207776.0725490196,-31.833585779697756,0.3366890735294119
44.261712,209823.12745098036,-34.49684102681736,0.3366890735294119
44.261712,211870.1823529412,-27.72438850920243,0.3366890735294119
44.261712,213917.23725490196,-33.4769113227146,0.3366890735294119
44.331654,93140.99803921569,-20.828873867414256,0.3366890735294119
44.331654,95188.05294117646,-23.418568900289564,0.3366890735294119
44.331654,97235.10784313724,-18.753639755974636,0.3366890735294119
44.331654,99282.162745098,-22.356771889496176,0.3366890735294119
44.331654,101329.21764705885,-24.65238620200203,0.3366890735294119
44.331654,103376.2725490196,-36.32659792107251,0.3366890735294119
44.331654,105423.32745098036,-17.671365742637533,0.3366890735294119
44.331654,107470.38235294116,-18.289610617093313,0.3366890735294119
44.331654,109517.43725490198,-16.548957648607544,0.3366890735294119
44.331654,111564.49215686276,-24.008682140604837,0.3366890735294119
44.331654,113611.54705882352,-15.862025930224275,0.3366890735294119
44.331654,115658.60196078428,-20.930817949246332,0.3366890735294119
44.331654,117705.65686274506,-23.16488392743165,0.3366890735294119
44.331654,119752.71176470588,-15.230237585005906,0.3366890735294119
44.331654,121799.76666666666,-16.37374726459067,0.3366890735294119
44.331654,123846.82156862743,-19.959092817408152,0.3366890735294119
44.331654,125893.8764705882,-27.3725625451754,0.3366890735294119
44.331654,127940.93137254904,-9.620536713236094,0.3366890735294119
44.331654,129987.9862745098,3.2459003887898854,0.3366890735294119
44.331654,132035.04117647058,-0.1565613452811547,0.3366890735294119
44.331654,134082.09607843135,-6.751470830906767,0.3366890735294119
44.331654,136129.15098039212,-17.18289130220921,0.3366890735294119
44.331654,138176.20588235295,-11.9530753974796,0.3366890735294119
44.331654,140223.26078431372,-11.681081367531476,0.3366890735294119
44.331654,142270.3156862745,-23.81895789681047,0.3366890735294119
44.331654,144317.37058823527,-27.19826336868588,0.3366890735294119
44.331654,146364.4254901961,-26.190111801085667,0.3366890735294119
44.331654,148411.48039215687,-27.098853529394265,0.3366890735294119
44.331654,150458.53529411764,-17.778618728388885,0.3366890735294119
44.331654,152505.5901960784,-37.00795114821516,0.3366890735294119
44.331654,154552.64509803918,-20.443188659228536,0.3366890735294119
44.331654,156599.7,-22.641016305087955,0.3366890735294119
44.331654,158646.75490196078,-24.701139094480688,0.3366890735294119
44.331654,160693.80980392155,-23.75545769233753,0.3366890735294119
44.331654,162740.86470588233,-28.198045949035887,0.3366890735294119
44.331654,164787.91960784316,-29.134149078796888,0.3366890735294119
44.331654,166834.97450980393,-24.657792259160143,0.3366890735294119
44.331654,168882.0294117647,-31.17929114335478,0.3366890735294119
44.331654,170929.08431372547,-39.39701482475446,0.3366890735294119
44.331654,172976.13921568624,-23.6922105367862,0.3366890735294119
44.331654,175023.19411764707,-26.7983569513179,0.3366890735294119
44.331654,177070.24901960784,-30.616102409237783,0.3366890735294119
44.331654,179117.3039215686,-25.783520150321987,0.3366890735294119
44.331654,181164.3588235294,-19.933980870818328,0.3366890735294119
44.331654,183211.41372549016,-16.296514886975196,0.3366890735294119
44.331654,185258.468627451,-31.975945996908735,0.3366890735294119
44.331654,187305.52352941176,-22.93200780913653,0.3366890735294119
44.331654,189352.57843137253,-21.198831235024656,0.3366890735294119
44.331654,191399.6333333333,-30.80355565650533,0.3366890735294119
44.331654,193446.68823529413,-38.504221251717865,0.3366890735294119
44.331654,195493.7431372549,-23.59475707823609,0.3366890735294119
44.331654,197540.79803921568,-38.248136456104326,0.3366890735294119
44.331654,199587.85294117645,-32.92283384757023,0.3366890735294119
44.331654,201634.9078431372,-30.10827575372057,0.3366890735294119
44.331654,203681.96274509805,-27.920659405383287,0.3366890735294119
44.331654,205729.0176470588,-37.582968106990464,0.3366890735294119
44.331654,207776.0725490196,-33.130336415228044,0.3366890735294119
44.331654,209823.12745098036,-39.95270405280996,0.3366890735294119
44.331654,211870.1823529412,-28.83765219612204,0.3366890735294119
44.331654,213917.23725490196,-36.49884118384826,0.3366890735294119
44.39451,93140.99803921569,-23.176111935323735,0.3366890735294119
44.39451,95188.05294117646,-25.402489336713213,0.3366890735294119
44.39451,97235.10784313724,-17.968042246109636,0.3366890735294119
44.39451,99282.162745098,-22.94293210170235,0.3366890735294119
44.39451,101329.21764705885,-25.18709584345761,0.3366890735294119
44.39451,103376.2725490196,-30.880192285943195,0.3366890735294119
44.39451,105423.32745098036,-17.468382459931348,0.3366890735294119
44.39451,107470.38235294116,-18.183199701461827,0.3366890735294119
44.39451,109517.43725490198,-16.345111428070986,0.3366890735294119
44.39451,111564.49215686276,-23.168531985913532,0.3366890735294119
44.39451,113611.54705882352,-16.29129503554297,0.3366890735294119
44.39451,115658.60196078428,-20.575534057290476,0.3366890735294119
44.39451,117705.65686274506,-23.287254520537445,0.3366890735294119
44.39451,119752.71176470588,-14.697771040453386,0.3366890735294119
44.39451,121799.76666666666,-15.878745269413988,0.3366890735294119
44.39451,123846.82156862743,-19.88204334257286,0.3366890735294119
44.39451,125893.8764705882,-26.230819330421717,0.3366890735294119
44.39451,127940.93137254904,-9.34441944969466,0.3366890735294119
44.39451,129987.9862745098,3.3663627176220516,0.3366890735294119
44.39451,132035.04117647058,-0.115045351323024,0.3366890735294119
44.39451,134082.09607843135,-6.220377418160038,0.3366890735294119
44.39451,136129.15098039212,-15.607188857709453,0.3366890735294119
44.39451,138176.20588235295,-12.235062439408914,0.3366890735294119
44.39451,140223.26078431372,-11.305976875454045,0.3366890735294119
44.39451,142270.3156862745,-24.469066605211474,0.3366890735294119
44.39451,144317.37058823527,-28.18403035519534,0.3366890735294119
44.39451,146364.4254901961,-25.81318197969521,0.3366890735294119
44.39451,148411.48039215687,-25.970061475796967,0.3366890735294119
44.39451,150458.53529411764,-17.674958579695407,0.3366890735294119
44.39451,152505.5901960784,-37.34442874981836,0.3366890735294119
44.39451,154552.64509803918,-21.245774472786444,0.3366890735294119
44.39451,156599.7,-26.03594649635026,0.3366890735294119
44.39451,158646.75490196078,-24.88866986335215,0.3366890735294119
44.39451,160693.80980392155,-24.158768417146742,0.3366890735294119
44.39451,162740.86470588233,-33.277304562810144,0.3366890735294119
44.39451,164787.91960784316,-26.021624618479173,0.3366890735294119
44.39451,166834.97450980393,-29.54024336717881,0.3366890735294119
44.39451,168882.0294117647,-29.2535644981309,0.3366890735294119
44.39451,170929.08431372547,-35.617572911345235,0.3366890735294119
44.39451,172976.13921568624,-23.520525997836792,0.3366890735294119
44.39451,175023.19411764707,-27.867158644368093,0.3366890735294119
44.39451,177070.24901960784,-32.76339218841521,0.3366890735294119
44.39451,179117.3039215686,-24.047696271250665,0.3366890735294119
44.39451,181164.3588235294,-19.94415455106448,0.3366890735294119
44.39451,183211.41372549016,-16.92672265711366,0.3366890735294119
44.39451,185258.468627451,-25.010984710263106,0.3366890735294119
44.39451,187305.52352941176,-20.877641012349667,0.3366890735294119
44.39451,189352.57843137253,-20.55440794400802,0.3366890735294119
44.39451,191399.6333333333,-32.84275593247183,0.3366890735294119
44.39451,193446.68823529413,-35.59398225955997,0.3366890735294119
44.39451,195493.7431372549,-25.750278958878752,0.3366890735294119
44.39451,197540.79803921568,-36.74166316186469,0.3366890735294119
44.39451,199587.85294117645,-27.952229795807916,0.3366890735294119
44.39451,201634.9078431372,-31.368198415861585,0.3366890735294119
44.39451,203681.96274509805,-26.62987666198625,0.3366890735294119
44.39451,205729.0176470588,-50.0812765044177,0.3366890735294119
44.39451,207776.0725490196,-28.05424418438661,0.3366890735294119
44.39451,209823.12745098036,-32.153931323465756,0.3366890735294119
44.39451,211870.1823529412,-29.51386963603171,0.3366890735294119
44.39451,213917.23725490196,-50.59800766220212,0.3366890735294119
44.452319,93140.99803921569,-22.386615248023496,0.3366890735294119
44.452319,95188.05294117646,-27.513013225734248,0.3366890735294119
44.452319,97235.10784313724,-18.432740748495,0.3366890735294119
44.452319,99282.162745098,-21.120019325608443,0.3366890735294119
44.452319,101329.21764705885,-24.83639385301022,0.3366890735294119
44.452319,103376.2725490196,-34.849913792571286,0.3366890735294119
44.452319,105423.32745098036,-18.303133043344225,0.3366890735294119
44.452319,107470.38235294116,-18.211787770385037,0.3366890735294119
44.452319,109517.43725490198,-15.924505115744571,0.3366890735294119
44.452319,111564.49215686276,-24.344840955374487,0.3366890735294119
44.452319,113611.54705882352,-17.979106815425162,0.3366890735294119
44.452319,115658.60196078428,-19.96739865750756,0.3366890735294119
44.452319,117705.65686274506,-26.131959476814497,0.3366890735294119
44.452319,119752.71176470588,-15.990957890040107,0.3366890735294119
44.452319,121799.76666666666,-16.11369361981971,0.3366890735294119
44.452319,123846.82156862743,-22.04555291669841,0.3366890735294119
44.452319,125893.8764705882,-29.938962742047753,0.3366890735294119
44.452319,127940.93137254904,-9.425528791092791,0.3366890735294119
44.452319,129987.9862745098,3.397785338145096,0.3366890735294119
44.452319,132035.04117647058,-0.3212548015057139,0.3366890735294119
44.452319,134082.09607843135,-6.133508783140558,0.3366890735294119
44.452319,136129.15098039212,-16.32188457290881,0.3366890735294119
44.452319,138176.20588235295,-11.92946971450887,0.3366890735294119
44.452319,140223.26078431372,-13.081458952610124,0.3366890735294119
44.452319,142270.3156862745,-19.02803784893947,0.3366890735294119
44.452319,144317.37058823527,-27.866604639438577,0.3366890735294119
44.452319,146364.4254901961,-22.504905976181675,0.3366890735294119
44.452319,148411.48039215687,-30.54718970880569,0.3366890735294119
44.452319,150458.53529411764,-18.083801362658463,0.3366890735294119
44.452319,152505.5901960784,-33.20961390333517,0.3366890735294119
44.452319,154552.64509803918,-21.746632684889775,0.3366890735294119
44.452319,156599.7,-25.37733290476126,0.3366890735294119
44.452319,158646.75490196078,-24.66195127083655,0.3366890735294119
44.452319,160693.80980392155,-23.542551184786376,0.3366890735294119
44.452319,162740.86470588233,-27.652351295496587,0.3366890735294119
44.452319,164787.91960784316,-27.365805837778343,0.3366890735294119
44.452319,166834.97450980393,-24.81229060543629,0.3366890735294119
44.452319,168882.0294117647,-37.83810221654142,0.3366890735294119
44.452319,170929.08431372547,-31.96868282666168,0.3366890735294119
44.452319,172976.13921568624,-24.296311669864373,0.3366890735294119
44.452319,175023.19411764707,-27.101036052905844,0.3366890735294119
44.452319,177070.24901960784,-35.473909668538354,0.3366890735294119
44.452319,179117.3039215686,-24.76961522366691,0.3366890735294119
44.452319,181164.3588235294,-21.44815464398758,0.3366890735294119
44.452319,183211.41372549016,-16.067080448447847,0.3366890735294119
44.452319,185258.468627451,-27.63133474950852,0.3366890735294119
44.452319,187305.52352941176,-22.496225639372703,0.3366890735294119
44.452319,189352.57843137253,-19.897158254176507,0.3366890735294119
44.452319,191399.6333333333,-28.538904478292935,0.3366890735294119
44.452319,193446.68823529413,-32.58353249457617,0.3366890735294119
44.452319,195493.7431372549,-25.807683535576412,0.3366890735294119
44.452319,197540.79803921568,-42.98577356442468,0.3366890735294119
44.452319,199587.85294117645,-34.06608339681901,0.3366890735294119
44.452319,201634.9078431372,-30.314976879916465,0.3366890735294119
44.452319,203681.96274509805,-29.82509718019502,0.3366890735294119
44.452319,205729.0176470588,-43.12004956241787,0.3366890735294119
44.452319,207776.0725490196,-30.388949207693095,0.3366890735294119
44.452319,209823.12745098036,-37.2325421916888,0.3366890735294119
44.452319,211870.1823529412,-35.56368335270025,0.3366890735294119
44.452319,213917.23725490196,-31.13067550992899,0.3366890735294119
44.519967,93140.99803921569,-22.555183777124252,0.3366890735294119
44.519967,95188.05294117646,-25.800243360932484,0.3366890735294119
44.519967,97235.10784313724,-18.46633038531669,0.3366890735294119
44.519967,99282.162745098,-21.06342609297061,0.3366890735294119
44.519967,101329.21764705885,-24.651254631790703,0.3366890735294119
44.519967,103376.2725490196,-38.23557835258394,0.3366890735294119
44.519967,105423.32745098036,-18.27346121063205,0.3366890735294119
44.519967,107470.38235294116,-19.045203806194113,0.3366890735294119
44.519967,109517.43725490198,-16.007638111664292,0.3366890735294119
44.519967,111564.49215686276,-24.69985440761321,0.3366890735294119
44.519967,113611.54705882352,-17.831779006090912,0.3366890735294119
44.519967,115658.60196078428,-20.70692335458312,0.3366890735294119
44.519967,117705.65686274506,-27.98740013852125,0.3366890735294119
44.519967,119752.71176470588,-15.616820013912829,0.3366890735294119
44.519967,121799.76666666666,-15.387672646534938,0.3366890735294119
44.519967,123846.82156862743,-22.262062967960937,0.3366890735294119
44.519967,125893.8764705882,-29.42925504299941,0.3366890735294119
44.519967,127940.93137254904,-9.24464341703871,0.3366890735294119
44.519967,129987.9862745098,3.5100108255967206,0.3366890735294119
44.519967,132035.04117647058,-0.4905581160202458,0.3366890735294119
44.519967,134082.09607843135,-6.005097132470817,0.3366890735294119
44.519967,136129.15098039212,-16.468874881218447,0.3366890735294119
44.519967,138176.20588235295,-12.676762978607668,0.3366890735294119
44.519967,140223.26078431372,-14.164365027479551,0.3366890735294119
44.519967,142270.3156862745,-15.799444039793991,0.3366890735294119
44.519967,144317.37058823527,-30.460382394962643,0.3366890735294119
44.519967,146364.4254901961,-20.47160913581862,0.3366890735294119
44.519967,148411.48039215687,-27.8973010339133,0.3366890735294119
44.519967,150458.53529411764,-18.1825898365894,0.3366890735294119
44.519967,152505.5901960784,-32.598358801140705,0.3366890735294119
44.519967,154552.64509803918,-21.040652921012523,0.3366890735294119
44.519967,156599.7,-24.771339248013213,0.3366890735294119
44.519967,158646.75490196078,-26.699432954593817,0.3366890735294119
44.519967,160693.80980392155,-21.163124312124452,0.3366890735294119
44.519967,162740.86470588233,-27.719092147280406,0.3366890735294119
44.519967,164787.91960784316,-28.623936229461727,0.3366890735294119
44.519967,166834.97450980393,-26.64899551150379,0.3366890735294119
44.519967,168882.0294117647,-35.80959836135429,0.3366890735294119
44.519967,170929.08431372547,-28.10248274096356,0.3366890735294119
44.519967,172976.13921568624,-26.236250746065014,0.3366890735294119
44.519967,175023.19411764707,-27.10649154502639,0.3366890735294119
44.519967,177070.24901960784,-31.395521969149264,0.3366890735294119
44.519967,179117.3039215686,-26.33408603195381,0.3366890735294119
44.519967,181164.3588235294,-22.81796863979107,0.3366890735294119
44.519967,183211.41372549016,-16.659211354096424,0.3366890735294119
44.519967,185258.468627451,-30.166816184156424,0.3366890735294119
44.519967,187305.52352941176,-23.917057730710276,0.3366890735294119
44.519967,189352.57843137253,-20.38938887795256,0.3366890735294119
44.519967,191399.6333333333,-28.607215315974713,0.3366890735294119
44.519967,193446.68823529413,-31.54015969269498,0.3366890735294119
44.519967,195493.7431372549,-26.572090962096084,0.3366890735294119
44.519967,197540.79803921568,-41.017132316378905,0.3366890735294119
44.519967,199587.85294117645,-32.22269538245694,0.3366890735294119
44.519967,201634.9078431372,-31.57569965742716,0.3366890735294119
44.519967,203681.96274509805,-27.99856598463,0.3366890735294119
44.519967,205729.0176470588,-35.3361845176171,0.3366890735294119
44.519967,207776.0725490196,-29.9412483418908,0.3366890735294119
44.519967,209823.12745098036,-30.180600087063137,0.3366890735294119
44.519967,211870.1823529412,-30.27219605575042,0.3366890735294119
44.519967,213917.23725490196,-33.29809995172118,0.3366890735294119
44.589605,93140.99803921569,-19.016654899337823,0.3366890735294119
44.589605,95188.05294117646,-27.03578906069522,0.3366890735294119
44.589605,97235.10784313724,-17.719813847521632,0.3366890735294119
44.589605,99282.162745098,-22.323130277155457,0.3366890735294119
44.589605,101329.21764705885,-24.688452460059334,0.3366890735294119
44.589605,103376.2725490196,-33.76049919878688,0.3366890735294119
44.589605,105423.32745098036,-18.34079437149962,0.3366890735294119
44.589605,107470.38235294116,-19.57348488954895,0.3366890735294119
44.589605,109517.43725490198,-15.57690660100061,0.3366890735294119
44.589605,111564.49215686276,-24.872027257586225,0.3366890735294119
44.589605,113611.54705882352,-16.878940404862924,0.3366890735294119
44.589605,115658.60196078428,-21.737191897448778,0.3366890735294119
44.589605,117705.65686274506,-21.8085831193782,0.3366890735294119
44.589605,119752.71176470588,-19.902410410219893,0.3366890735294119
44.589605,121799.76666666666,-15.196917532315414,0.3366890735294119
44.589605,123846.82156862743,-17.609601358732448,0.3366890735294119
44.589605,125893.8764705882,-27.056357715555585,0.3366890735294119
44.589605,127940.93137254904,-9.101602567704512,0.3366890735294119
44.589605,129987.9862745098,3.5946050536597323,0.3366890735294119
44.589605,132035.04117647058,-0.6387326516321989,0.3366890735294119
44.589605,134082.09607843135,-6.579508360052435,0.3366890735294119
44.589605,136129.15098039212,-15.50472681432284,0.3366890735294119
44.589605,138176.20588235295,-14.488899610307715,0.3366890735294119
44.589605,140223.26078431372,-15.580307512186238,0.3366890735294119
44.589605,142270.3156862745,-16.171088488134572,0.3366890735294119
44.589605,144317.37058823527,-26.360775022677757,0.3366890735294119
44.589605,146364.4254901961,-20.503987306958212,0.3366890735294119
44.589605,148411.48039215687,-20.620334922379406,0.3366890735294119
44.589605,150458.53529411764,-16.32394031268692,0.3366890735294119
44.589605,152505.5901960784,-34.50100921599266,0.3366890735294119
44.589605,154552.64509803918,-19.19717993731673,0.3366890735294119
44.589605,156599.7,-25.64328676785765,0.3366890735294119
44.589605,158646.75490196078,-27.483731858640027,0.3366890735294119
44.589605,160693.80980392155,-23.235601611474543,0.3366890735294119
44.589605,162740.86470588233,-29.838194254790466,0.3366890735294119
44.589605,164787.91960784316,-24.533335163279983,0.3366890735294119
44.589605,166834.97450980393,-32.808085497349815,0.3366890735294119
44.589605,168882.0294117647,-28.910909237336313,0.3366890735294119
44.589605,170929.08431372547,-32.95972150806171,0.3366890735294119
44.589605,172976.13921568624,-24.552767023332976,0.3366890735294119
44.589605,175023.19411764707,-26.760794919855467,0.3366890735294119
44.589605,177070.24901960784,-27.313974581345843,0.3366890735294119
44.589605,179117.3039215686,-28.097940960327858,0.3366890735294119
44.589605,181164.3588235294,-21.99002427395826,0.3366890735294119
44.589605,183211.41372549016,-19.61831156799936,0.3366890735294119
44.589605,185258.468627451,-24.85841716491635,0.3366890735294119
44.589605,187305.52352941176,-24.924630397490574,0.3366890735294119
44.589605,189352.57843137253,-20.21741418651157,0.3366890735294119
44.589605,191399.6333333333,-34.374526007392696,0.3366890735294119
44.589605,193446.68823529413,-29.89478593488032,0.3366890735294119
44.589605,195493.7431372549,-26.15031095012069,0.3366890735294119
44.589605,197540.79803921568,-32.19650258155417,0.3366890735294119
44.589605,199587.85294117645,-36.245686401150714,0.3366890735294119
44.589605,201634.9078431372,-30.019832887102833,0.3366890735294119
44.589605,203681.96274509805,-26.47331755510742,0.3366890735294119
44.589605,205729.0176470588,-43.645136443087615,0.3366890735294119
44.589605,207776.0725490196,-42.035956971335445,0.3366890735294119
44.589605,209823.12745098036,-42.25256820905245,0.3366890735294119
44.589605,211870.1823529412,-38.19484865828878,0.3366890735294119
44.589605,213917.23725490196,-34.877623376236315,0.3366890735294119
44.651958,93140.99803921569,-20.597985222424864,0.3366890735294119
44.651958,95188.05294117646,-24.20831080814172,0.3366890735294119
44.651958,97235.10784313724,-17.844573006022244,0.3366890735294119
44.651958,99282.162745098,-23.36682122916357,0.3366890735294119
44.651958,101329.21764705885,-27.888223508183003,0.3366890735294119
44.651958,103376.2725490196,-36.62914985865215,0.3366890735294119
44.651958,105423.32745098036,-17.69579455819311,0.3366890735294119
44.651958,107470.38235294116,-19.609227898823804,0.3366890735294119
44.651958,109517.43725490198,-16.159189476605746,0.3366890735294119
44.651958,111564.49215686276,-26.03562608757061,0.3366890735294119
44.651958,113611.54705882352,-16.592703166662904,0.3366890735294119
44.651958,115658.60196078428,-20.912938690214663,0.3366890735294119
44.651958,117705.65686274506,-20.3207622706458,0.3366890735294119
44.651958,119752.71176470588,-18.228570258413026,0.3366890735294119
44.651958,121799.76666666666,-16.169665568247783,0.3366890735294119
44.651958,123846.82156862743,-17.91771061940906,0.3366890735294119
44.651958,125893.8764705882,-23.194565087888957,0.3366890735294119
44.651958,127940.93137254904,-9.631236344415091,0.3366890735294119
44.651958,129987.9862745098,3.549050631971242,0.3366890735294119
44.651958,132035.04117647058,-0.6534234147452691,0.3366890735294119
44.651958,134082.09607843135,-6.606688451715409,0.3366890735294119
44.651958,136129.15098039212,-15.63071305205543,0.3366890735294119
44.651958,138176.20588235295,-13.445049864140584,0.3366890735294119
44.651958,140223.26078431372,-11.879114664320882,0.3366890735294119
44.651958,142270.3156862745,-22.954774238748684,0.3366890735294119
44.651958,144317.37058823527,-28.060143523936706,0.3366890735294119
44.651958,146364.4254901961,-24.245672586926283,0.3366890735294119
44.651958,148411.48039215687,-22.475738353685152,0.3366890735294119
44.651958,150458.53529411764,-16.465530664552443,0.3366890735294119
44.651958,152505.5901960784,-37.71386161869977,0.3366890735294119
44.651958,154552.64509803918,-18.773057078125788,0.3366890735294119
44.651958,156599.7,-22.70076416091016,0.3366890735294119
44.651958,158646.75490196078,-26.445241357679844,0.3366890735294119
44.651958,160693.80980392155,-25.247441989040887,0.3366890735294119
44.651958,162740.86470588233,-29.30120911543062,0.3366890735294119
44.651958,164787.91960784316,-25.289163004832368,0.3366890735294119
44.651958,166834.97450980393,-31.995962246472324,0.3366890735294119
44.651958,168882.0294117647,-25.507986902799953,0.3366890735294119
44.651958,170929.08431372547,-38.01311672048103,0.3366890735294119
44.651958,172976.13921568624,-24.39469698513756,0.3366890735294119
44.651958,175023.19411764707,-26.046589272136544,0.3366890735294119
44.651958,177070.24901960784,-23.509885760499035,0.3366890735294119
44.651958,179117.3039215686,-25.33675247920779,0.3366890735294119
44.651958,181164.3588235294,-22.702792505851104,0.3366890735294119
44.651958,183211.41372549016,-19.275276275092253,0.3366890735294119
44.651958,185258.468627451,-25.036761135098914,0.3366890735294119
44.651958,187305.52352941176,-22.287336372149863,0.3366890735294119
44.651958,189352.57843137253,-20.59497293071481,0.3366890735294119
44.651958,191399.6333333333,-38.19265328034293,0.3366890735294119
44.651958,193446.68823529413,-29.98810783097271,0.3366890735294119
44.651958,195493.7431372549,-25.4035402240088,0.3366890735294119
44.651958,197540.79803921568,-35.62362804644606,0.3366890735294119
44.651958,199587.85294117645,-33.76292785633635,0.3366890735294119
44.651958,201634.9078431372,-32.07210682713905,0.3366890735294119
44.651958,203681.96274509805,-26.22812916303036,0.3366890735294119
44.651958,205729.0176470588,-35.1957222658656,0.3366890735294119
44.651958,207776.0725490196,-34.883488007741526,0.3366890735294119
44.651958,209823.12745098036,-40.79540774991363,0.3366890735294119
44.651958,211870.1823529412,-32.20032736204278,0.3366890735294119
44.651958,213917.23725490196,-39.10640181959571,0.3366890735294119
44.71028,93140.99803921569,-25.285881445342625,0.3366890735294119
44.71028,95188.05294117646,-26.029026000213335,0.3366890735294119
44.71028,97235.10784313724,-19.1636807877442,0.3366890735294119
44.71028,99282.162745098,-26.567248882093686,0.3366890735294119
44.71028,101329.21764705885,-27.302419890300907,0.3366890735294119
44.71028,103376.2725490196,-34.70216256930709,0.3366890735294119
44.71028,105423.32745098036,-17.855378346363025,0.3366890735294119
44.71028,107470.38235294116,-20.006455191719425,0.3366890735294119
44.71028,109517.43725490198,-17.265529245833516,0.3366890735294119
44.71028,111564.49215686276,-23.311224946952528,0.3366890735294119
44.71028,113611.54705882352,-17.691726967694656,0.3366890735294119
44.71028,115658.60196078428,-22.045063937928916,0.3366890735294119
44.71028,117705.65686274506,-21.873249847428333,0.3366890735294119
44.71028,119752.71176470588,-15.750303172539947,0.3366890735294119
44.71028,121799.76666666666,-16.043356031423148,0.3366890735294119
44.71028,123846.82156862743,-20.011880458689863,0.3366890735294119
44.71028,125893.8764705882,-20.01940600992168,0.3366890735294119
44.71028,127940.93137254904,-9.742954239759252,0.3366890735294119
44.71028,129987.9862745098,3.5730243620274016,0.3366890735294119
44.71028,132035.04117647058,-0.3435470980447662,0.3366890735294119
44.71028,134082.09607843135,-6.077223460621491,0.3366890735294119
44.71028,136129.15098039212,-16.994881070227272,0.3366890735294119
44.71028,138176.20588235295,-12.941797085350045,0.3366890735294119
44.71028,140223.26078431372,-10.746636591726997,0.3366890735294119
44.71028,142270.3156862745,-22.549541070186056,0.3366890735294119
44.71028,144317.37058823527,-26.696186691155862,0.3366890735294119
44.71028,146364.4254901961,-23.873437147082228,0.3366890735294119
44.71028,148411.48039215687,-24.699161949338347,0.3366890735294119
44.71028,150458.53529411764,-16.849756951275015,0.3366890735294119
44.71028,152505.5901960784,-44.940422719998594,0.3366890735294119
44.71028,154552.64509803918,-19.60463827017545,0.3366890735294119
44.71028,156599.7,-23.842423290165637,0.3366890735294119
44.71028,158646.75490196078,-24.803277422938883,0.3366890735294119
44.71028,160693.80980392155,-23.64873237461392,0.3366890735294119
44.71028,162740.86470588233,-29.98259443847823,0.3366890735294119
44.71028,164787.91960784316,-26.46327549727402,0.3366890735294119
44.71028,166834.97450980393,-27.8718435546083,0.3366890735294119
44.71028,168882.0294117647,-28.96906465603543,0.3366890735294119
44.71028,170929.08431372547,-40.06735149682552,0.3366890735294119
44.71028,172976.13921568624,-28.788689891703847,0.3366890735294119
44.71028,175023.19411764707,-24.838691672418815,0.3366890735294119
44.71028,177070.24901960784,-23.245325051892408,0.3366890735294119
44.71028,179117.3039215686,-25.283310955326215,0.3366890735294119
44.71028,181164.3588235294,-21.407685031544226,0.3366890735294119
44.71028,183211.41372549016,-17.31854214389592,0.3366890735294119
44.71028,185258.468627451,-28.706102197003567,0.3366890735294119
44.71028,187305.52352941176,-21.223040317521757,0.3366890735294119
44.71028,189352.57843137253,-19.583534782737377,0.3366890735294119
44.71028,191399.6333333333,-38.24779785598446,0.3366890735294119
44.71028,193446.68823529413,-29.896287905550786,0.3366890735294119
44.71028,195493.7431372549,-25.65365028715604,0.3366890735294119
44.71028,197540.79803921568,-36.95110490726658,0.3366890735294119
44.71028,199587.85294117645,-25.844425164279237,0.3366890735294119
44.71028,201634.9078431372,-31.757791042242065,0.3366890735294119
44.71028,203681.96274509805,-29.033184129170053,0.3366890735294119
44.71028,205729.0176470588,-30.363117893585923,0.3366890735294119
44.71028,207776.0725490196,-29.01901094688639,0.3366890735294119
44.71028,209823.12745098036,-39.66825699660371,0.3366890735294119
44.71028,211870.1823529412,-29.350655167064104,0.3366890735294119
44.71028,213917.23725490196,-29.659012936982577,0.3366890735294119
44.791656,93140.99803921569,-31.96656014223893,0.3366890735294119
44.791656,95188.05294117646,-25.131168318293923,0.3366890735294119
44.791656,97235.10784313724,-23.9523067912604,0.3366890735294119
44.791656,99282.162745098,-31.299569543692627,0.3366890735294119
44.791656,101329.21764705885,-31.24887694507744,0.3366890735294119
44.791656,103376.2725490196,-24.885858208381503,0.3366890735294119
44.791656,105423.32745098036,-30.699934608200437,0.3366890735294119
44.791656,107470.38235294116,-28.22312413524742,0.3366890735294119
44.791656,109517.43725490198,-26.46932435627567,0.3366890735294119
44.791656,111564.49215686276,-23.389807461826855,0.3366890735294119
44.791656,113611.54705882352,-20.415107674196843,0.3366890735294119
44.791656,115658.60196078428,-51.47866532129552,0.3366890735294119
44.791656,117705.65686274506,-23.999194614222713,0.3366890735294119
44.791656,119752.71176470588,-19.2131080971804,0.3366890735294119
44.791656,121799.76666666666,-27.33168679410788,0.3366890735294119
44.791656,123846.82156862743,-13.744917228534456,0.3366890735294119
44.791656,125893.8764705882,-17.273409516911215,0.3366890735294119
44.791656,127940.93137254904,-6.956415428758854,0.3366890735294119
44.791656,129987.9862745098,2.5271863398543464,0.3366890735294119
44.791656,132035.04117647058,-0.2575212365449039,0.3366890735294119
44.791656,134082.09607843135,-10.656528129975433,0.3366890735294119
44.791656,136129.15098039212,-10.158168182537048,0.3366890735294119
44.791656,138176.20588235295,-12.629051572646548,0.3366890735294119
44.791656,140223.26078431372,-22.695121044600512,0.3366890735294119
44.791656,142270.3156862745,-18.025430376836542,0.3366890735294119
44.791656,144317.37058823527,-21.02051434088483,0.3366890735294119
44.791656,146364.4254901961,-30.027365839267233,0.3366890735294119
44.791656,148411.48039215687,-30.44531551381965,0.3366890735294119
44.791656,150458.53529411764,-16.011156445896354,0.3366890735294119
44.791656,152505.5901960784,-41.715791988947224,0.3366890735294119
44.791656,154552.64509803918,-18.59471782548612,0.3366890735294119
44.791656,156599.7,-20.293851717552165,0.3366890735294119
44.791656,158646.75490196078,-31.414190950504313,0.3366890735294119
44.791656,160693.80980392155,-20.89361221813987,0.3366890735294119
44.791656,162740.86470588233,-28.638519445945448,0.3366890735294119
44.791656,164787.91960784316,-25.666884409877937,0.3366890735294119
44.791656,166834.97450980393,-27.57436334009394,0.3366890735294119
44.791656,168882.0294117647,-29.2390337798909,0.3366890735294119
44.791656,170929.08431372547,-38.006057706872795,0.3366890735294119
44.791656,172976.13921568624,-25.39116402900202,0.3366890735294119
44.791656,175023.19411764707,-26.91090280185829,0.3366890735294119
44.791656,177070.24901960784,-21.51290443527815,0.3366890735294119
44.791656,179117.3039215686,-42.263891799025785,0.3366890735294119
44.791656,181164.3588235294,-24.10451731289788,0.3366890735294119
44.791656,183211.41372549016,-23.99418072460577,0.3366890735294119
44.791656,185258.468627451,-25.483172474988685,0.3366890735294119
44.791656,187305.52352941176,-30.976859752334057,0.3366890735294119
44.791656,189352.57843137253,-23.16681595130352,0.3366890735294119
44.791656,191399.6333333333,-26.795582074324376,0.3366890735294119
44.791656,193446.68823529413,-24.16790773539608,0.3366890735294119
44.791656,195493.7431372549,-28.9452457961567,0.3366890735294119
44.791656,197540.79803921568,-36.07270318015065,0.3366890735294119
44.791656,199587.85294117645,-39.58023677019065,0.3366890735294119
44.791656,201634.9078431372,-29.525477421283163,0.3366890735294119
44.791656,203681.96274509805,-26.004008425635515,0.3366890735294119
44.791656,205729.0176470588,-41.193758296370234,0.3366890735294119
44.791656,207776.0725490196,-34.150027661889155,0.3366890735294119
44.791656,209823.12745098036,-33.01445504620004,0.3366890735294119
44.791656,211870.1823529412,-28.730573156002876,0.3366890735294119
44.791656,213917.23725490196,-28.97382364446174,0.3366890735294119
44.852066,93140.99803921569,-22.84455263521121,0.3366890735294119
44.852066,95188.05294117646,-26.602123808506324,0.3366890735294119
44.852066,97235.10784313724,-17.91607978566006,0.3366890735294119
44.852066,99282.162745098,-21.49909973427995,0.3366890735294119
44.852066,101329.21764705885,-29.592108263737387,0.3366890735294119
44.852066,103376.2725490196,-31.6148412543709,0.3366890735294119
44.852066,105423.32745098036,-20.01887703103311,0.3366890735294119
44.852066,107470.38235294116,-20.085335682748013,0.3366890735294119
44.852066,109517.43725490198,-16.422331075048536,0.3366890735294119
44.852066,111564.49215686276,-27.245614786745733,0.3366890735294119
44.852066,113611.54705882352,-19.188721484258323,0.3366890735294119
44.852066,115658.60196078428,-19.88692227871342,0.3366890735294119
44.852066,117705.65686274506,-24.427613630002753,0.3366890735294119
44.852066,119752.71176470588,-17.91473302042483,0.3366890735294119
44.852066,121799.76666666666,-15.954427289098392,0.3366890735294119
44.852066,123846.82156862743,-29.33635994156076,0.3366890735294119
44.852066,125893.8764705882,-24.71054404901102,0.3366890735294119
44.852066,127940.93137254904,-9.525368590840786,0.3366890735294119
44.852066,129987.9862745098,3.619392733129635,0.3366890735294119
44.852066,132035.04117647058,-0.4331323923851599,0.3366890735294119
44.852066,134082.09607843135,-6.784772001342246,0.3366890735294119
44.852066,136129.15098039212,-17.54916592091852,0.3366890735294119
44.852066,138176.20588235295,-12.261181086445031,0.3366890735294119
44.852066,140223.26078431372,-12.960476287809051,0.3366890735294119
44.852066,142270.3156862745,-20.02912291544867,0.3366890735294119
44.852066,144317.37058823527,-29.31831024447102,0.3366890735294119
44.852066,146364.4254901961,-21.2586635476988,0.3366890735294119
44.852066,148411.48039215687,-25.73444767648745,0.3366890735294119
44.852066,150458.53529411764,-17.89527030012469,0.3366890735294119
44.852066,152505.5901960784,-38.43125782684033,0.3366890735294119
44.852066,154552.64509803918,-20.318324347916533,0.3366890735294119
44.852066,156599.7,-24.369466373544903,0.3366890735294119
44.852066,158646.75490196078,-24.44759483062797,0.3366890735294119
44.852066,160693.80980392155,-26.22927519431648,0.3366890735294119
44.852066,162740.86470588233,-27.48746996865541,0.3366890735294119
44.852066,164787.91960784316,-24.850677492532604,0.3366890735294119
44.852066,166834.97450980393,-26.350431819047728,0.3366890735294119
44.852066,168882.0294117647,-53.12770592052486,0.3366890735294119
44.852066,170929.08431372547,-29.207686419708292,0.3366890735294119
44.852066,172976.13921568624,-23.401380072971087,0.3366890735294119
44.852066,175023.19411764707,-22.775130891365944,0.3366890735294119
44.852066,177070.24901960784,-22.86940314301872,0.3366890735294119
44.852066,179117.3039215686,-26.936535383845342,0.3366890735294119
44.852066,181164.3588235294,-21.899593403547524,0.3366890735294119
44.852066,183211.41372549016,-17.904192561965363,0.3366890735294119
44.852066,185258.468627451,-26.608370591580485,0.3366890735294119
44.852066,187305.52352941176,-25.401918598016312,0.3366890735294119
44.852066,189352.57843137253,-19.1548013515328,0.3366890735294119
44.852066,191399.6333333333,-31.93315492338617,0.3366890735294119
44.852066,193446.68823529413,-31.27982665919503,0.3366890735294119
44.852066,195493.7431372549,-27.05047433489309,0.3366890735294119
44.852066,197540.79803921568,-33.72809530520412,0.3366890735294119
44.852066,199587.85294117645,-38.57956760826157,0.3366890735294119
44.852066,201634.9078431372,-30.078757539457065,0.3366890735294119
44.852066,203681.96274509805,-29.72093937416673,0.3366890735294119
44.852066,205729.0176470588,-35.03440016831092,0.3366890735294119
44.852066,207776.0725490196,-31.568598808153475,0.3366890735294119
44.852066,209823.12745098036,-30.697796961286897,0.3366890735294119
44.852066,211870.1823529412,-28.090687702091095,0.3366890735294119
44.852066,213917.23725490196,-29.934696251654685,0.3366890735294119
44.911778,93140.99803921569,-20.258604767364886,0.3366890735294119
44.911778,95188.05294117646,-31.86186170748641,0.3366890735294119
44.911778,97235.10784313724,-17.379975940250596,0.3366890735294119
44.911778,99282.162745098,-22.689999338070415,0.3366890735294119
44.911778,101329.21764705885,-25.78231224107968,0.3366890735294119
44.911778,103376.2725490196,-36.698569760315905,0.3366890735294119
44.911778,105423.32745098036,-20.418610968338413,0.3366890735294119
44.911778,107470.38235294116,-21.19051463547264,0.3366890735294119
44.911778,109517.43725490198,-16.485297100513144,0.3366890735294119
44.911778,111564.49215686276,-27.900324775428743,0.3366890735294119
44.911778,113611.54705882352,-18.135787852126985,0.3366890735294119
44.911778,115658.60196078428,-21.81905155904056,0.3366890735294119
44.911778,117705.65686274506,-22.41089673176539,0.3366890735294119
44.911778,119752.71176470588,-17.392520444884497,0.3366890735294119
44.911778,121799.76666666666,-15.981817416142782,0.3366890735294119
44.911778,123846.82156862743,-21.140471461388483,0.3366890735294119
44.911778,125893.8764705882,-34.95391515147182,0.3366890735294119
44.911778,127940.93137254904,-9.56111465252138,0.3366890735294119
44.911778,129987.9862745098,3.7112807449405976,0.3366890735294119
44.911778,132035.04117647058,-0.5055009829137856,0.3366890735294119
44.911778,134082.09607843135,-5.938197454451903,0.3366890735294119
44.911778,136129.15098039212,-18.794692918679775,0.3366890735294119
44.911778,138176.20588235295,-13.977664623226168,0.3366890735294119
44.911778,140223.26078431372,-13.712182766804284,0.3366890735294119
44.911778,142270.3156862745,-19.812530740203368,0.3366890735294119
44.911778,144317.37058823527,-27.779122608372248,0.3366890735294119
44.911778,146364.4254901961,-18.73891476589912,0.3366890735294119
44.911778,148411.48039215687,-21.904539848833764,0.3366890735294119
44.911778,150458.53529411764,-16.329658898723377,0.3366890735294119
44.911778,152505.5901960784,-31.97608465288787,0.3366890735294119
44.911778,154552.64509803918,-18.543121034460285,0.3366890735294119
44.911778,156599.7,-25.126858089494753,0.3366890735294119
44.911778,158646.75490196078,-27.704949620777604,0.3366890735294119
44.911778,160693.80980392155,-23.485642496772073,0.3366890735294119
44.911778,162740.86470588233,-28.5157904974724,0.3366890735294119
44.911778,164787.91960784316,-24.852732641591615,0.3366890735294119
44.911778,166834.97450980393,-29.18255351709771,0.3366890735294119
44.911778,168882.0294117647,-27.268976629199123,0.3366890735294119
44.911778,170929.08431372547,-32.834146040833915,0.3366890735294119
44.911778,172976.13921568624,-24.92126737025959,0.3366890735294119
44.911778,175023.19411764707,-23.139846675993137,0.3366890735294119
44.911778,177070.24901960784,-27.822687707634955,0.3366890735294119
44.911778,179117.3039215686,-27.448352987864535,0.3366890735294119
44.911778,181164.3588235294,-23.443271179747775,0.3366890735294119
44.911778,183211.41372549016,-22.051262690368063,0.3366890735294119
44.911778,185258.468627451,-23.260296374984925,0.3366890735294119
44.911778,187305.52352941176,-27.643751717898635,0.3366890735294119
44.911778,189352.57843137253,-20.345260391512777,0.3366890735294119
44.911778,191399.6333333333,-30.379022399968644,0.3366890735294119
44.911778,193446.68823529413,-28.098298746919813,0.3366890735294119
44.911778,195493.7431372549,-26.43928677974546,0.3366890735294119
44.911778,197540.79803921568,-35.308870272975575,0.3366890735294119
44.911778,199587.85294117645,-31.01057283203007,0.3366890735294119
44.911778,201634.9078431372,-30.950599120500648,0.3366890735294119
44.911778,203681.96274509805,-26.00042271853614,0.3366890735294119
44.911778,205729.0176470588,-43.83174350824622,0.3366890735294119
44.911778,207776.0725490196,-32.02927752589254,0.3366890735294119
44.911778,209823.12745098036,-31.080012539388044,0.3366890735294119
44.911778,211870.1823529412,-35.58553304928505,0.3366890735294119
44.911778,213917.23725490196,-44.55392940415407,0.3366890735294119
44.971009,93140.99803921569,-19.759367506079226,0.3366890735294119
44.971009,95188.05294117646,-30.238604507460018,0.3366890735294119
44.971009,97235.10784313724,-18.383474987223728,0.3366890735294119
44.971009,99282.162745098,-24.48032114218826,0.3366890735294119
44.971009,101329.21764705885,-29.756012750742975,0.3366890735294119
44.971009,103376.2725490196,-46.610733062271954,0.3366890735294119
44.971009,105423.32745098036,-19.504715026384982,0.3366890735294119
44.971009,107470.38235294116,-19.69499713648186,0.3366890735294119
44.971009,109517.43725490198,-17.03477122751288,0.3366890735294119
44.971009,111564.49215686276,-31.09289395905209,0.3366890735294119
44.971009,113611.54705882352,-18.19094898320162,0.3366890735294119
44.971009,115658.60196078428,-21.722932246671576,0.3366890735294119
44.971009,117705.65686274506,-22.26388808753928,0.3366890735294119
44.971009,119752.71176470588,-18.561351227565627,0.3366890735294119
44.971009,121799.76666666666,-15.548415471930836,0.3366890735294119
44.971009,123846.82156862743,-22.29474569597877,0.3366890735294119
44.971009,125893.8764705882,-26.649416457748085,0.3366890735294119
44.971009,127940.93137254904,-9.755634106335611,0.3366890735294119
44.971009,129987.9862745098,3.4228302962447525,0.3366890735294119
44.971009,132035.04117647058,-0.282884026968462,0.3366890735294119
44.971009,134082.09607843135,-6.120415885248844,0.3366890735294119
44.971009,136129.15098039212,-17.051557405554455,0.3366890735294119
44.971009,138176.20588235295,-11.650966156155873,0.3366890735294119
44.971009,140223.26078431372,-13.895247950718442,0.3366890735294119
44.971009,142270.3156862745,-29.31061812073946,0.3366890735294119
44.971009,144317.37058823527,-23.236704828103814,0.3366890735294119
44.971009,146364.4254901961,-22.34880954910135,0.3366890735294119
44.971009,148411.48039215687,-23.769657500959312,0.3366890735294119
44.971009,150458.53529411764,-16.137009923934112,0.3366890735294119
44.971009,152505.5901960784,-32.2239105096451,0.3366890735294119
44.971009,154552.64509803918,-18.708966989582052,0.3366890735294119
44.971009,156599.7,-24.22204422229175,0.3366890735294119
44.971009,158646.75490196078,-27.51003074344912,0.3366890735294119
44.971009,160693.80980392155,-24.932992289036378,0.3366890735294119
44.971009,162740.86470588233,-27.065148427906365,0.3366890735294119
44.971009,164787.91960784316,-25.827480177883963,0.3366890735294119
44.971009,166834.97450980393,-31.275979462407435,0.3366890735294119
44.971009,168882.0294117647,-25.350005572903925,0.3366890735294119
44.971009,170929.08431372547,-42.826417155536504,0.3366890735294119
44.971009,172976.13921568624,-25.48296271445425,0.3366890735294119
44.971009,175023.19411764707,-30.140740861784153,0.3366890735294119
44.971009,177070.24901960784,-30.991228140943925,0.3366890735294119
44.971009,179117.3039215686,-25.12738174091224,0.3366890735294119
44.971009,181164.3588235294,-23.857562962215276,0.3366890735294119
44.971009,183211.41372549016,-19.7006188508445,0.3366890735294119
44.971009,185258.468627451,-22.1734434185994,0.3366890735294119
44.971009,187305.52352941176,-23.95983711161995,0.3366890735294119
44.971009,189352.57843137253,-21.218217034475863,0.3366890735294119
44.971009,191399.6333333333,-31.81014826201237,0.3366890735294119
44.971009,193446.68823529413,-28.26692323683929,0.3366890735294119
44.971009,195493.7431372549,-26.303502137759157,0.3366890735294119
44.971009,197540.79803921568,-34.66366240288944,0.3366890735294119
44.971009,199587.85294117645,-28.935806259182257,0.3366890735294119
44.971009,201634.9078431372,-29.220070563903597,0.3366890735294119
44.971009,203681.96274509805,-26.69145549965307,0.3366890735294119
44.971009,205729.0176470588,-33.60494080502071,0.3366890735294119
44.971009,207776.0725490196,-29.735701173104108,0.3366890735294119
44.971009,209823.12745098036,-41.04970927349015,0.3366890735294119
44.971009,211870.1823529412,-32.96904850232541,0.3366890735294119
44.971009,213917.23725490196,-43.609124273220345,0.3366890735294119
45.030738,93140.99803921569,-21.967101022355763,0.3366890735294119
45.030738,95188.05294117646,-24.49122554281924,0.3366890735294119
45.030738,97235.10784313724,-19.137782243360743,0.3366890735294119
45.030738,99282.162745098,-22.645738886354852,0.3366890735294119
45.030738,101329.21764705885,-27.310662875986132,0.3366890735294119
45.030738,103376.2725490196,-40.595935201048086,0.3366890735294119
45.030738,105423.32745098036,-18.048060301406817,0.3366890735294119
45.030738,107470.38235294116,-18.699792191006154,0.3366890735294119
45.030738,109517.43725490198,-15.740611319739068,0.3366890735294119
45.030738,111564.49215686276,-26.686476796246488,0.3366890735294119
45.030738,113611.54705882352,-17.406829607322617,0.3366890735294119
45.030738,115658.60196078428,-20.761552819350293,0.3366890735294119
45.030738,117705.65686274506,-24.294007220583612,0.3366890735294119
45.030738,119752.71176470588,-15.581325051669644,0.3366890735294119
45.030738,121799.76666666666,-18.316867775485697,0.3366890735294119
45.030738,123846.82156862743,-21.26902833766602,0.3366890735294119
45.030738,125893.8764705882,-25.551508930639187,0.3366890735294119
45.030738,127940.93137254904,-9.75648451435202,0.3366890735294119
45.030738,129987.9862745098,3.468329809958872,0.3366890735294119
45.030738,132035.04117647058,-0.4697220424296927,0.3366890735294119
45.030738,134082.09607843135,-6.289672011030971,0.3366890735294119
45.030738,136129.15098039212,-17.28351542721271,0.3366890735294119
45.030738,138176.20588235295,-12.520773045133687,0.3366890735294119
45.030738,140223.26078431372,-10.812039433531664,0.3366890735294119
45.030738,142270.3156862745,-24.264748358735375,0.3366890735294119
45.030738,144317.37058823527,-22.009260976134613,0.3366890735294119
45.030738,146364.4254901961,-25.402190485526862,0.3366890735294119
45.030738,148411.48039215687,-29.38611104509158,0.3366890735294119
45.030738,150458.53529411764,-17.7555432774582,0.3366890735294119
45.030738,152505.5901960784,-29.34531476333619,0.3366890735294119
45.030738,154552.64509803918,-19.89525857942789,0.3366890735294119
45.030738,156599.7,-24.403734073555626,0.3366890735294119
45.030738,158646.75490196078,-25.529186325195443,0.3366890735294119
45.030738,160693.80980392155,-23.32044241460329,0.3366890735294119
45.030738,162740.86470588233,-27.40270576192611,0.3366890735294119
45.030738,164787.91960784316,-29.2665497034884,0.3366890735294119
45.030738,166834.97450980393,-26.628173274314108,0.3366890735294119
45.030738,168882.0294117647,-33.64566208730353,0.3366890735294119
45.030738,170929.08431372547,-32.32047859108049,0.3366890735294119
45.030738,172976.13921568624,-26.63652207400963,0.3366890735294119
45.030738,175023.19411764707,-26.21061494612937,0.3366890735294119
45.030738,177070.24901960784,-27.34860129140916,0.3366890735294119
45.030738,179117.3039215686,-24.151239241531,0.3366890735294119
45.030738,181164.3588235294,-21.06312202997326,0.3366890735294119
45.030738,183211.41372549016,-16.048406086841812,0.3366890735294119
45.030738,185258.468627451,-30.403486312497275,0.3366890735294119
45.030738,187305.52352941176,-22.79639311326388,0.3366890735294119
45.030738,189352.57843137253,-19.60629636257182,0.3366890735294119
45.030738,191399.6333333333,-34.79442647292525,0.3366890735294119
45.030738,193446.68823529413,-35.80066965514395,0.3366890735294119
45.030738,195493.7431372549,-22.82956313643674,0.3366890735294119
45.030738,197540.79803921568,-36.5216928531853,0.3366890735294119
45.030738,199587.85294117645,-36.781006042229286,0.3366890735294119
45.030738,201634.9078431372,-29.638947326821725,0.3366890735294119
45.030738,203681.96274509805,-26.725519230167265,0.3366890735294119
45.030738,205729.0176470588,-36.016449207411995,0.3366890735294119
45.030738,207776.0725490196,-34.92873645145793,0.3366890735294119
45.030738,209823.12745098036,-38.19938309989571,0.3366890735294119
45.030738,211870.1823529412,-29.475761569394425,0.3366890735294119
45.030738,213917.23725490196,-30.659842885789907,0.3366890735294119
45.09535,93140.99803921569,-21.314303929216464,0.3366890735294119
45.09535,95188.05294117646,-26.758949991081288,0.3366890735294119
45.09535,97235.10784313724,-17.777719229325697,0.3366890735294119
45.09535,99282.162745098,-22.3815661625352,0.3366890735294119
45.09535,101329.21764705885,-26.28035750886486,0.3366890735294119
45.09535,103376.2725490196,-43.53917498535943,0.3366890735294119
45.09535,105423.32745098036,-16.753114955710963,0.3366890735294119
45.09535,107470.38235294116,-18.98373467545853,0.3366890735294119
45.09535,109517.43725490198,-16.18795345551743,0.3366890735294119
45.09535,111564.49215686276,-31.496883211020087,0.3366890735294119
45.09535,113611.54705882352,-17.407067018248313,0.3366890735294119
45.09535,115658.60196078428,-21.028173870174474,0.3366890735294119
45.09535,117705.65686274506,-25.24890643701857,0.3366890735294119
45.09535,119752.71176470588,-15.726985427253126,0.3366890735294119
45.09535,121799.76666666666,-17.141351979335383,0.3366890735294119
45.09535,123846.82156862743,-19.529365901613566,0.3366890735294119
45.09535,125893.8764705882,-30.76665597177129,0.3366890735294119
45.09535,127940.93137254904,-9.598019446356616,0.3366890735294119
45.09535,129987.9862745098,3.4800732673098995,0.3366890735294119
45.09535,132035.04117647058,-0.6089438622469358,0.3366890735294119
45.09535,134082.09607843135,-6.217257714648881,0.3366890735294119
45.09535,136129.15098039212,-15.267214438891148,0.3366890735294119
45.09535,138176.20588235295,-14.475726434754916,0.3366890735294119
45.09535,140223.26078431372,-13.441229525343084,0.3366890735294119
45.09535,142270.3156862745,-21.770354525909752,0.3366890735294119
45.09535,144317.37058823527,-39.44332340528834,0.3366890735294119
45.09535,146364.4254901961,-23.87996188575497,0.3366890735294119
45.09535,148411.48039215687,-26.391550303547035,0.3366890735294119
45.09535,150458.53529411764,-15.458572770386734,0.3366890735294119
45.09535,152505.5901960784,-26.537235587050812,0.3366890735294119
45.09535,154552.64509803918,-19.042329344267905,0.3366890735294119
45.09535,156599.7,-27.61155238513849,0.3366890735294119
45.09535,158646.75490196078,-24.778731599044377,0.3366890735294119
45.09535,160693.80980392155,-23.400468439749105,0.3366890735294119
45.09535,162740.86470588233,-30.44989310481585,0.3366890735294119
45.09535,164787.91960784316,-26.603141712960856,0.3366890735294119
45.09535,166834.97450980393,-35.83658706675948,0.3366890735294119
45.09535,168882.0294117647,-24.906844510902765,0.3366890735294119
45.09535,170929.08431372547,-37.835717755182856,0.3366890735294119
45.09535,172976.13921568624,-24.6024626303605,0.3366890735294119
45.09535,175023.19411764707,-28.15621605122938,0.3366890735294119
45.09535,177070.24901960784,-36.74861101525066,0.3366890735294119
45.09535,179117.3039215686,-22.888866335789626,0.3366890735294119
45.09535,181164.3588235294,-20.874421406091415,0.3366890735294119
45.09535,183211.41372549016,-16.450061841827566,0.3366890735294119
45.09535,185258.468627451,-22.193208118881977,0.3366890735294119
45.09535,187305.52352941176,-22.38868255102731,0.3366890735294119
45.09535,189352.57843137253,-19.45431439003996,0.3366890735294119
45.09535,191399.6333333333,-31.166299066170737,0.3366890735294119
45.09535,193446.68823529413,-30.84361440745855,0.3366890735294119
45.09535,195493.7431372549,-25.178788355673404,0.3366890735294119
45.09535,197540.79803921568,-36.54407980377157,0.3366890735294119
45.09535,199587.85294117645,-26.7398412452926,0.3366890735294119
45.09535,201634.9078431372,-32.114522605252716,0.3366890735294119
45.09535,203681.96274509805,-24.70716104596938,0.3366890735294119
45.09535,205729.0176470588,-33.99213854422173,0.3366890735294119
45.09535,207776.0725490196,-27.45599503693289,0.3366890735294119
45.09535,209823.12745098036,-30.152400456800695,0.3366890735294119
45.09535,211870.1823529412,-27.86269731016207,0.3366890735294119
45.09535,213917.23725490196,-30.842848480099548,0.3366890735294119
45.153148,93140.99803921569,-22.21277125686631,0.3366890735294119
45.153148,95188.05294117646,-22.771319887138656,0.3366890735294119
45.153148,97235.10784313724,-17.855810590935683,0.3366890735294119
45.153148,99282.162745098,-20.879497840198717,0.3366890735294119
45.153148,101329.21764705885,-21.79707363596319,0.3366890735294119
45.153148,103376.2725490196,-42.76676339407075,0.3366890735294119
45.153148,105423.32745098036,-15.804962247275997,0.3366890735294119
45.153148,107470.38235294116,-18.464344683716583,0.3366890735294119
45.153148,109517.43725490198,-15.026933742868309,0.3366890735294119
45.153148,111564.49215686276,-38.61366294739182,0.3366890735294119
45.153148,113611.54705882352,-18.585142534791128,0.3366890735294119
45.153148,115658.60196078428,-23.90106480387779,0.3366890735294119
45.153148,117705.65686274506,-31.68770125523713,0.3366890735294119
45.153148,119752.71176470588,-17.68556173928292,0.3366890735294119
45.153148,121799.76666666666,-15.24077479703594,0.3366890735294119
45.153148,123846.82156862743,-19.06491393409737,0.3366890735294119
45.153148,125893.8764705882,-30.69498542990613,0.3366890735294119
45.153148,127940.93137254904,-7.893937067294717,0.3366890735294119
45.153148,129987.9862745098,3.337473676644165,0.3366890735294119
45.153148,132035.04117647058,-0.9875743237593008,0.3366890735294119
45.153148,134082.09607843135,-6.353723754115659,0.3366890735294119
45.153148,136129.15098039212,-14.185108561393896,0.3366890735294119
45.153148,138176.20588235295,-14.72193551773228,0.3366890735294119
45.153148,140223.26078431372,-15.060881898857495,0.3366890735294119
45.153148,142270.3156862745,-17.22053832546449,0.3366890735294119
45.153148,144317.37058823527,-23.89543781084992,0.3366890735294119
45.153148,146364.4254901961,-30.896109902672805,0.3366890735294119
45.153148,148411.48039215687,-23.219768714433716,0.3366890735294119
45.153148,150458.53529411764,-14.438431355311238,0.3366890735294119
45.153148,152505.5901960784,-24.925885008138504,0.3366890735294119
45.153148,154552.64509803918,-17.846879576094846,0.3366890735294119
45.153148,156599.7,-28.540209294790955,0.3366890735294119
45.153148,158646.75490196078,-25.842476280024176,0.3366890735294119
45.153148,160693.80980392155,-23.705940346642343,0.3366890735294119
45.153148,162740.86470588233,-35.68770868637169,0.3366890735294119
45.153148,164787.91960784316,-23.217670279116327,0.3366890735294119
45.153148,166834.97450980393,-29.686241638565363,0.3366890735294119
45.153148,168882.0294117647,-31.32314932280476,0.3366890735294119
45.153148,170929.08431372547,-30.01349737779666,0.3366890735294119
45.153148,172976.13921568624,-23.19263671162755,0.3366890735294119
45.153148,175023.19411764707,-26.70272362946335,0.3366890735294119
45.153148,177070.24901960784,-35.27149740339564,0.3366890735294119
45.153148,179117.3039215686,-21.994163434046705,0.3366890735294119
45.153148,181164.3588235294,-19.81570016022145,0.3366890735294119
45.153148,183211.41372549016,-15.173490574402267,0.3366890735294119
45.153148,185258.468627451,-25.434640840140467,0.3366890735294119
45.153148,187305.52352941176,-19.56589244916967,0.3366890735294119
45.153148,189352.57843137253,-18.60852112001643,0.3366890735294119
45.153148,191399.6333333333,-44.98784053084222,0.3366890735294119
45.153148,193446.68823529413,-26.64321094217781,0.3366890735294119
45.153148,195493.7431372549,-26.123849833153105,0.3366890735294119
45.153148,197540.79803921568,-33.35775200522014,0.3366890735294119
45.153148,199587.85294117645,-26.99154348980242,0.3366890735294119
45.153148,201634.9078431372,-31.793245707551144,0.3366890735294119
45.153148,203681.96274509805,-25.21381724039141,0.3366890735294119
45.153148,205729.0176470588,-35.09646356297288,0.3366890735294119
45.153148,207776.0725490196,-25.15242732469136,0.3366890735294119
45.153148,209823.12745098036,-32.69054650900085,0.3366890735294119
45.153148,211870.1823529412,-30.07492159004748,0.3366890735294119
45.153148,213917.23725490196,-25.913174919211382,0.3366890735294119
45.215854,93140.99803921569,-23.45901273015192,0.3366890735294119
45.215854,95188.05294117646,-22.175511583901297,0.3366890735294119
45.215854,97235.10784313724,-17.182686811777494,0.3366890735294119
45.215854,99282.162745098,-22.71828702836455,0.3366890735294119
45.215854,101329.21764705885,-21.28729245121517,0.3366890735294119
45.215854,103376.2725490196,-31.427234572907388,0.3366890735294119
45.215854,105423.32745098036,-16.021043169327665,0.3366890735294119
45.215854,107470.38235294116,-18.990298450952466,0.3366890735294119
45.215854,109517.43725490198,-14.258133496544762,0.3366890735294119
45.215854,111564.49215686276,-30.989127589681935,0.3366890735294119
45.215854,113611.54705882352,-19.29300221681014,0.3366890735294119
45.215854,115658.60196078428,-25.130727700988594,0.3366890735294119
45.215854,117705.65686274506,-32.01238105028097,0.3366890735294119
45.215854,119752.71176470588,-16.545318596973804,0.3366890735294119
45.215854,121799.76666666666,-16.32083467095929,0.3366890735294119
45.215854,123846.82156862743,-19.75863977780364,0.3366890735294119
45.215854,125893.8764705882,-47.01355061751555,0.3366890735294119
45.215854,127940.93137254904,-7.325150396629056,0.3366890735294119
45.215854,129987.9862745098,3.190504407953863,0.3366890735294119
45.215854,132035.04117647058,-1.6614262015513412,0.3366890735294119
45.215854,134082.09607843135,-6.122681481726162,0.3366890735294119
45.215854,136129.15098039212,-14.518224745456862,0.3366890735294119
45.215854,138176.20588235295,-16.91120902618159,0.3366890735294119
45.215854,140223.26078431372,-11.58466094964955,0.3366890735294119
45.215854,142270.3156862745,-16.621974598672825,0.3366890735294119
45.215854,144317.37058823527,-26.200868622491924,0.3366890735294119
45.215854,146364.4254901961,-27.721890832065927,0.3366890735294119
45.215854,148411.48039215687,-23.24907014101678,0.3366890735294119
45.215854,150458.53529411764,-17.640270150583543,0.3366890735294119
45.215854,152505.5901960784,-24.24880342993792,0.3366890735294119
45.215854,154552.64509803918,-19.75497544194526,0.3366890735294119
45.215854,156599.7,-30.281647727630848,0.3366890735294119
45.215854,158646.75490196078,-22.59282912057622,0.3366890735294119
45.215854,160693.80980392155,-29.422980792923475,0.3366890735294119
45.215854,162740.86470588233,-30.19351944559219,0.3366890735294119
45.215854,164787.91960784316,-24.26666422664129,0.3366890735294119
45.215854,166834.97450980393,-26.57433256288361,0.3366890735294119
45.215854,168882.0294117647,-27.80951322475268,0.3366890735294119
45.215854,170929.08431372547,-35.27569930019816,0.3366890735294119
45.215854,172976.13921568624,-23.268550128315766,0.3366890735294119
45.215854,175023.19411764707,-26.205160841762066,0.3366890735294119
45.215854,177070.24901960784,-32.46962037987052,0.3366890735294119
45.215854,179117.3039215686,-22.180469178627412,0.3366890735294119
45.215854,181164.3588235294,-17.347423102141676,0.3366890735294119
45.215854,183211.41372549016,-15.35503569800744,0.3366890735294119
45.215854,185258.468627451,-25.833826912323325,0.3366890735294119
45.215854,187305.52352941176,-19.682125233339523,0.3366890735294119
45.215854,189352.57843137253,-19.922372762669937,0.3366890735294119
45.215854,191399.6333333333,-41.8557437371105,0.3366890735294119
45.215854,193446.68823529413,-25.289813036945446,0.3366890735294119
45.215854,195493.7431372549,-25.014254216493555,0.3366890735294119
45.215854,197540.79803921568,-32.400561123455226,0.3366890735294119
45.215854,199587.85294117645,-31.119171943871656,0.3366890735294119
45.215854,201634.9078431372,-26.094992054453176,0.3366890735294119
45.215854,203681.96274509805,-27.161761472379563,0.3366890735294119
45.215854,205729.0176470588,-36.30564488628856,0.3366890735294119
45.215854,207776.0725490196,-29.206526098091487,0.3366890735294119
45.215854,209823.12745098036,-32.12054171967833,0.3366890735294119
45.215854,211870.1823529412,-36.858729843343994,0.3366890735294119
45.215854,213917.23725490196,-25.473953658010377,0.3366890735294119
45.276455,93140.99803921569,-25.058863404497217,0.3366890735294119
45.276455,95188.05294117646,-22.975956555141824,0.3366890735294119
45.276455,97235.10784313724,-16.538259642127805,0.3366890735294119
45.276455,99282.162745098,-25.821971497490036,0.3366890735294119
45.276455,101329.21764705885,-21.49868170525722,0.3366890735294119
45.276455,103376.2725490196,-26.459061986955973,0.3366890735294119
45.276455,105423.32745098036,-15.598880284575278,0.3366890735294119
45.276455,107470.38235294116,-20.04913313541021,0.3366890735294119
45.276455,109517.43725490198,-14.342540661668544,0.3366890735294119
45.276455,111564.49215686276,-25.18223480878245,0.3366890735294119
45.276455,113611.54705882352,-18.988624900391585,0.3366890735294119
45.276455,115658.60196078428,-24.72100829370747,0.3366890735294119
45.276455,117705.65686274506,-26.535331797029023,0.3366890735294119
45.276455,119752.71176470588,-15.708711471826842,0.3366890735294119
45.276455,121799.76666666666,-18.83524173012934,0.3366890735294119
45.276455,123846.82156862743,-16.813958636888145,0.3366890735294119
45.276455,125893.8764705882,-30.849918979609154,0.3366890735294119
45.276455,127940.93137254904,-6.874086733169285,0.3366890735294119
45.276455,129987.9862745098,2.9854747579862955,0.3366890735294119
45.276455,132035.04117647058,-2.14897899521336,0.3366890735294119
45.276455,134082.09607843135,-6.260029215925325,0.3366890735294119
45.276455,136129.15098039212,-13.7940888899411,0.3366890735294119
45.276455,138176.20588235295,-22.557656722301623,0.3366890735294119
45.276455,140223.26078431372,-11.213252483896207,0.3366890735294119
45.276455,142270.3156862745,-17.97526485785808,0.3366890735294119
45.276455,144317.37058823527,-29.50603156433406,0.3366890735294119
45.276455,146364.4254901961,-23.237330096026056,0.3366890735294119
45.276455,148411.48039215687,-22.503520733960876,0.3366890735294119
45.276455,150458.53529411764,-19.06616339185359,0.3366890735294119
45.276455,152505.5901960784,-23.24063365693539,0.3366890735294119
45.276455,154552.64509803918,-21.25256491758645,0.3366890735294119
45.276455,156599.7,-36.60774480036474,0.3366890735294119
45.276455,158646.75490196078,-23.546724243160504,0.3366890735294119
45.276455,160693.80980392155,-29.927733399996093,0.3366890735294119
45.276455,162740.86470588233,-29.198720277930956,0.3366890735294119
45.276455,164787.91960784316,-24.311024120656235,0.3366890735294119
45.276455,166834.97450980393,-28.47765902050238,0.3366890735294119
45.276455,168882.0294117647,-28.404809111279935,0.3366890735294119
45.276455,170929.08431372547,-33.7795999647435,0.3366890735294119
45.276455,172976.13921568624,-24.583216675094327,0.3366890735294119
45.276455,175023.19411764707,-30.293481839967477,0.3366890735294119
45.276455,177070.24901960784,-41.08489133474667,0.3366890735294119
45.276455,179117.3039215686,-21.87085869177364,0.3366890735294119
45.276455,181164.3588235294,-15.85769915228349,0.3366890735294119
45.276455,183211.41372549016,-14.036668226626904,0.3366890735294119
45.276455,185258.468627451,-22.918437589404135,0.3366890735294119
45.276455,187305.52352941176,-19.248112646873437,0.3366890735294119
45.276455,189352.57843137253,-18.94362671116161,0.3366890735294119
45.276455,191399.6333333333,-34.89692476286956,0.3366890735294119
45.276455,193446.68823529413,-20.899302119192377,0.3366890735294119
45.276455,195493.7431372549,-25.05634900745513,0.3366890735294119
45.276455,197540.79803921568,-28.103812415277353,0.3366890735294119
45.276455,199587.85294117645,-26.7797978322584,0.3366890735294119
45.276455,201634.9078431372,-26.110237141751377,0.3366890735294119
45.276455,203681.96274509805,-25.5476880446598,0.3366890735294119
45.276455,205729.0176470588,-31.864494593155506,0.3366890735294119
45.276455,207776.0725490196,-28.496428883054175,0.3366890735294119
45.276455,209823.12745098036,-32.37328864603857,0.3366890735294119
45.276455,211870.1823529412,-42.04910880477555,0.3366890735294119
45.276455,213917.23725490196,-27.757606109079347,0.3366890735294119
45.343131,93140.99803921569,-35.229514187632354,0.3366890735294119
45.343131,95188.05294117646,-21.666639677494462,0.3366890735294119
45.343131,97235.10784313724,-20.337022045844865,0.3366890735294119
45.343131,99282.162745098,-31.66873920345184,0.3366890735294119
45.343131,101329.21764705885,-28.581810588065224,0.3366890735294119
45.343131,103376.2725490196,-19.694544436268963,0.3366890735294119
45.343131,105423.32745098036,-24.71434212904556,0.3366890735294119
45.343131,107470.38235294116,-29.55390948016901,0.3366890735294119
45.343131,109517.43725490198,-21.8109818353437,0.3366890735294119
45.343131,111564.49215686276,-17.18144425670967,0.3366890735294119
45.343131,113611.54705882352,-20.27515381464375,0.3366890735294119
45.343131,115658.60196078428,-27.49636265317452,0.3366890735294119
45.343131,117705.65686274506,-24.797029175950097,0.3366890735294119
45.343131,119752.71176470588,-14.965216757742912,0.3366890735294119
45.343131,121799.76666666666,-27.93263714258319,0.3366890735294119
45.343131,123846.82156862743,-14.081170732725482,0.3366890735294119
45.343131,125893.8764705882,-13.437459925851474,0.3366890735294119
45.343131,127940.93137254904,-7.683860293370477,0.3366890735294119
45.343131,129987.9862745098,1.595294276604535,0.3366890735294119
45.343131,132035.04117647058,-0.7687245190505907,0.3366890735294119
45.343131,134082.09607843135,-10.666547880668826,0.3366890735294119
45.343131,136129.15098039212,-10.81104293881005,0.3366890735294119
45.343131,138176.20588235295,-15.55677597084352,0.3366890735294119
45.343131,140223.26078431372,-15.684766703901422,0.3366890735294119
45.343131,142270.3156862745,-17.857171273080535,0.3366890735294119
45.343131,144317.37058823527,-21.61955261830492,0.3366890735294119
45.343131,146364.4254901961,-21.96645402639906,0.3366890735294119
45.343131,148411.48039215687,-25.790617476310885,0.3366890735294119
45.343131,150458.53529411764,-17.87234347968625,0.3366890735294119
45.343131,152505.5901960784,-26.129831669717095,0.3366890735294119
45.343131,154552.64509803918,-19.201041426473036,0.3366890735294119
45.343131,156599.7,-24.019839331389036,0.3366890735294119
45.343131,158646.75490196078,-30.716829737901293,0.3366890735294119
45.343131,160693.80980392155,-27.163804848718588,0.3366890735294119
45.343131,162740.86470588233,-25.799377017141467,0.3366890735294119
45.343131,164787.91960784316,-24.97142909375693,0.3366890735294119
45.343131,166834.97450980393,-25.661256493907505,0.3366890735294119
45.343131,168882.0294117647,-30.723433337171866,0.3366890735294119
45.343131,170929.08431372547,-33.68476655112422,0.3366890735294119
45.343131,172976.13921568624,-26.496395539669663,0.3366890735294119
45.343131,175023.19411764707,-31.821944429191696,0.3366890735294119
45.343131,177070.24901960784,-31.08176766109286,0.3366890735294119
45.343131,179117.3039215686,-29.632475607811052,0.3366890735294119
45.343131,181164.3588235294,-18.74384835983958,0.3366890735294119
45.343131,183211.41372549016,-17.51058247894452,0.3366890735294119
45.343131,185258.468627451,-26.642172121342657,0.3366890735294119
45.343131,187305.52352941176,-24.070955784372043,0.3366890735294119
45.343131,189352.57843137253,-24.16005376588791,0.3366890735294119
45.343131,191399.6333333333,-23.06721046568283,0.3366890735294119
45.343131,193446.68823529413,-23.147626684241654,0.3366890735294119
45.343131,195493.7431372549,-24.29496641902692,0.3366890735294119
45.343131,197540.79803921568,-29.09900925929268,0.3366890735294119
45.343131,199587.85294117645,-38.212177406198535,0.3366890735294119
45.343131,201634.9078431372,-24.204100629741777,0.3366890735294119
45.343131,203681.96274509805,-29.068715131638605,0.3366890735294119
45.343131,205729.0176470588,-39.53009586688202,0.3366890735294119
45.343131,207776.0725490196,-28.76575837435548,0.3366890735294119
45.343131,209823.12745098036,-39.08763171835059,0.3366890735294119
45.343131,211870.1823529412,-37.42942366896597,0.3366890735294119
45.343131,213917.23725490196,-23.84490900975792,0.3366890735294119
45.399785,93140.99803921569,-25.03861602365213,0.3366890735294119
45.399785,95188.05294117646,-22.7415828334466,0.3366890735294119
45.399785,97235.10784313724,-17.8163797992303,0.3366890735294119
45.399785,99282.162745098,-22.75021606058246,0.3366890735294119
45.399785,101329.21764705885,-22.173192429951897,0.3366890735294119
45.399785,103376.2725490196,-31.179938141387343,0.3366890735294119
45.399785,105423.32745098036,-16.194834417799026,0.3366890735294119
45.399785,107470.38235294116,-20.2299834303243,0.3366890735294119
45.399785,109517.43725490198,-15.420615220876147,0.3366890735294119
45.399785,111564.49215686276,-30.59157956327067,0.3366890735294119
45.399785,113611.54705882352,-19.156284448410226,0.3366890735294119
45.399785,115658.60196078428,-23.23648053699592,0.3366890735294119
45.399785,117705.65686274506,-28.686495182800087,0.3366890735294119
45.399785,119752.71176470588,-16.37395598890955,0.3366890735294119
45.399785,121799.76666666666,-20.13940899466077,0.3366890735294119
45.399785,123846.82156862743,-18.09392174691746,0.3366890735294119
45.399785,125893.8764705882,-29.608142231601228,0.3366890735294119
45.399785,127940.93137254904,-8.126199715407099,0.3366890735294119
45.399785,129987.9862745098,3.13241275908732,0.3366890735294119
45.399785,132035.04117647058,-0.781155178415941,0.3366890735294119
45.399785,134082.09607843135,-6.891763944703001,0.3366890735294119
45.399785,136129.15098039212,-16.325254232929097,0.3366890735294119
45.399785,138176.20588235295,-18.04665141022682,0.3366890735294119
45.399785,140223.26078431372,-11.680613277710547,0.3366890735294119
45.399785,142270.3156862745,-20.96787909708648,0.3366890735294119
45.399785,144317.37058823527,-29.758096900753948,0.3366890735294119
45.399785,146364.4254901961,-23.90008590285699,0.3366890735294119
45.399785,148411.48039215687,-22.156296892369586,0.3366890735294119
45.399785,150458.53529411764,-17.003806848610452,0.3366890735294119
45.399785,152505.5901960784,-29.06578492017051,0.3366890735294119
45.399785,154552.64509803918,-19.81032061692128,0.3366890735294119
45.399785,156599.7,-28.328467114909465,0.3366890735294119
45.399785,158646.75490196078,-25.42199548141594,0.3366890735294119
45.399785,160693.80980392155,-26.338963106620312,0.3366890735294119
45.399785,162740.86470588233,-31.123713555719675,0.3366890735294119
45.399785,164787.91960784316,-25.215341381831905,0.3366890735294119
45.399785,166834.97450980393,-23.306582248226576,0.3366890735294119
45.399785,168882.0294117647,-35.92041291675706,0.3366890735294119
45.399785,170929.08431372547,-31.492066030676177,0.3366890735294119
45.399785,172976.13921568624,-22.35859237594914,0.3366890735294119
45.399785,175023.19411764707,-28.537160535889264,0.3366890735294119
45.399785,177070.24901960784,-38.28124520299084,0.3366890735294119
45.399785,179117.3039215686,-21.674796097512193,0.3366890735294119
45.399785,181164.3588235294,-17.282657659286397,0.3366890735294119
45.399785,183211.41372549016,-13.47795164330828,0.3366890735294119
45.399785,185258.468627451,-26.194703567781687,0.3366890735294119
45.399785,187305.52352941176,-18.70459803660333,0.3366890735294119
45.399785,189352.57843137253,-17.17818942867575,0.3366890735294119
45.399785,191399.6333333333,-39.36278592880583,0.3366890735294119
45.399785,193446.68823529413,-21.56877841653284,0.3366890735294119
45.399785,195493.7431372549,-24.004503965298127,0.3366890735294119
45.399785,197540.79803921568,-27.9670046464827,0.3366890735294119
45.399785,199587.85294117645,-29.26916935045268,0.3366890735294119
45.399785,201634.9078431372,-29.567742423785713,0.3366890735294119
45.399785,203681.96274509805,-25.45458521254222,0.3366890735294119
45.399785,205729.0176470588,-43.66792695307703,0.3366890735294119
45.399785,207776.0725490196,-26.985266809685584,0.3366890735294119
45.399785,209823.12745098036,-37.07958940833942,0.3366890735294119
45.399785,211870.1823529412,-47.41356921071219,0.3366890735294119
45.399785,213917.23725490196,-25.20404804486762,0.3366890735294119
45.46778,93140.99803921569,-20.061788077859525,0.3366890735294119
45.46778,95188.05294117646,-27.735299174761185,0.3366890735294119
45.46778,97235.10784313724,-16.845574677515792,0.3366890735294119
45.46778,99282.162745098,-23.20614965334313,0.3366890735294119
45.46778,101329.21764705885,-25.463520808231785,0.3366890735294119
45.46778,103376.2725490196,-33.95293326432535,0.3366890735294119
45.46778,105423.32745098036,-17.880052963584305,0.3366890735294119
45.46778,107470.38235294116,-20.473250976993192,0.3366890735294119
45.46778,109517.43725490198,-15.322871458895746,0.3366890735294119
45.46778,111564.49215686276,-30.690157365226767,0.3366890735294119
45.46778,113611.54705882352,-18.92092738347136,0.3366890735294119
45.46778,115658.60196078428,-20.86791570777833,0.3366890735294119
45.46778,117705.65686274506,-23.323514972632292,0.3366890735294119
45.46778,119752.71176470588,-17.274548842964144,0.3366890735294119
45.46778,121799.76666666666,-19.435108010166037,0.3366890735294119
45.46778,123846.82156862743,-20.57653583399789,0.3366890735294119
45.46778,125893.8764705882,-27.6164510978365,0.3366890735294119
45.46778,127940.93137254904,-9.336703910262226,0.3366890735294119
45.46778,129987.9862745098,3.2315650300464056,0.3366890735294119
45.46778,132035.04117647058,-0.8107410018553136,0.3366890735294119
45.46778,134082.09607843135,-6.623608584455805,0.3366890735294119
45.46778,136129.15098039212,-16.834448173843427,0.3366890735294119
45.46778,138176.20588235295,-16.513256293322648,0.3366890735294119
45.46778,140223.26078431372,-12.667512733929252,0.3366890735294119
45.46778,142270.3156862745,-19.655565486999,0.3366890735294119
45.46778,144317.37058823527,-29.033955224949224,0.3366890735294119
45.46778,146364.4254901961,-26.134056604003916,0.3366890735294119
45.46778,148411.48039215687,-21.02829736195188,0.3366890735294119
45.46778,150458.53529411764,-16.684688134245594,0.3366890735294119
45.46778,152505.5901960784,-27.094553375888523,0.3366890735294119
45.46778,154552.64509803918,-18.670510418483207,0.3366890735294119
45.46778,156599.7,-23.945237112579782,0.3366890735294119
45.46778,158646.75490196078,-24.47819810111564,0.3366890735294119
45.46778,160693.80980392155,-25.777363160259597,0.3366890735294119
45.46778,162740.86470588233,-30.086493907883774,0.3366890735294119
45.46778,164787.91960784316,-24.315380304904227,0.3366890735294119
45.46778,166834.97450980393,-29.040413656680144,0.3366890735294119
45.46778,168882.0294117647,-30.541133842528065,0.3366890735294119
45.46778,170929.08431372547,-44.158429981166336,0.3366890735294119
45.46778,172976.13921568624,-22.622541935985204,0.3366890735294119
45.46778,175023.19411764707,-24.156547489113738,0.3366890735294119
45.46778,177070.24901960784,-32.09248568297749,0.3366890735294119
45.46778,179117.3039215686,-25.585078472899156,0.3366890735294119
45.46778,181164.3588235294,-17.552681780026575,0.3366890735294119
45.46778,183211.41372549016,-16.66889025222589,0.3366890735294119
45.46778,185258.468627451,-21.535759635458007,0.3366890735294119
45.46778,187305.52352941176,-23.34739926720971,0.3366890735294119
45.46778,189352.57843137253,-18.814356120086657,0.3366890735294119
45.46778,191399.6333333333,-32.850679198106725,0.3366890735294119
45.46778,193446.68823529413,-26.73412746476519,0.3366890735294119
45.46778,195493.7431372549,-24.401556314248147,0.3366890735294119
45.46778,197540.79803921568,-27.36797361566681,0.3366890735294119
45.46778,199587.85294117645,-29.564360660039576,0.3366890735294119
45.46778,201634.9078431372,-32.15099129426124,0.3366890735294119
45.46778,203681.96274509805,-24.826816084297405,0.3366890735294119
45.46778,205729.0176470588,-35.059390004344635,0.3366890735294119
45.46778,207776.0725490196,-31.092838064221695,0.3366890735294119
45.46778,209823.12745098036,-33.028174555559296,0.3366890735294119
45.46778,211870.1823529412,-33.845028890867745,0.3366890735294119
45.46778,213917.23725490196,-29.596530871483537,0.3366890735294119
45.54185,93140.99803921569,-22.54000465826198,0.3366890735294119
45.54185,95188.05294117646,-24.410544872539045,0.3366890735294119
45.54185,97235.10784313724,-16.41956911444108,0.3366890735294119
45.54185,99282.162745098,-24.49524135383423,0.3366890735294119
45.54185,101329.21764705885,-20.890757302796192,0.3366890735294119
45.54185,103376.2725490196,-37.216730870724774,0.3366890735294119
45.54185,105423.32745098036,-15.997465116914473,0.3366890735294119
45.54185,107470.38235294116,-19.16889309430417,0.3366890735294119
45.54185,109517.43725490198,-14.924320962174678,0.3366890735294119
45.54185,111564.49215686276,-29.59950365950734,0.3366890735294119
45.54185,113611.54705882352,-19.003982336068425,0.3366890735294119
45.54185,115658.60196078428,-25.946178716147426,0.3366890735294119
45.54185,117705.65686274506,-26.785489076310004,0.3366890735294119
45.54185,119752.71176470588,-17.04137202443245,0.3366890735294119
45.54185,121799.76666666666,-18.099329775768755,0.3366890735294119
45.54185,123846.82156862743,-19.035554635739334,0.3366890735294119
45.54185,125893.8764705882,-25.95738493763327,0.3366890735294119
45.54185,127940.93137254904,-8.012167496536659,0.3366890735294119
45.54185,129987.9862745098,3.0558680206008666,0.3366890735294119
45.54185,132035.04117647058,-1.1460661307054325,0.3366890735294119
45.54185,134082.09607843135,-6.595887519018202,0.3366890735294119
45.54185,136129.15098039212,-16.916652888888038,0.3366890735294119
45.54185,138176.20588235295,-18.080793083476596,0.3366890735294119
45.54185,140223.26078431372,-13.38949583826422,0.3366890735294119
45.54185,142270.3156862745,-16.639949370716998,0.3366890735294119
45.54185,144317.37058823527,-27.631016948307195,0.3366890735294119
45.54185,146364.4254901961,-24.66146763818008,0.3366890735294119
45.54185,148411.48039215687,-20.633697810215644,0.3366890735294119
45.54185,150458.53529411764,-17.694667713269745,0.3366890735294119
45.54185,152505.5901960784,-28.2663951289192,0.3366890735294119
45.54185,154552.64509803918,-20.899405932001656,0.3366890735294119
45.54185,156599.7,-27.630307635426693,0.3366890735294119
45.54185,158646.75490196078,-25.07585260555274,0.3366890735294119
45.54185,160693.80980392155,-26.513341571080176,0.3366890735294119
45.54185,162740.86470588233,-31.287919939703443,0.3366890735294119
45.54185,164787.91960784316,-25.17268669732257,0.3366890735294119
45.54185,166834.97450980393,-25.64210085690807,0.3366890735294119
45.54185,168882.0294117647,-33.23171413301155,0.3366890735294119
45.54185,170929.08431372547,-29.56180943712333,0.3366890735294119
45.54185,172976.13921568624,-22.330714969780917,0.3366890735294119
45.54185,175023.19411764707,-23.390042979949772,0.3366890735294119
45.54185,177070.24901960784,-41.32443367232001,0.3366890735294119
45.54185,179117.3039215686,-22.215703866307337,0.3366890735294119
45.54185,181164.3588235294,-16.007760416986837,0.3366890735294119
45.54185,183211.41372549016,-14.221214339704757,0.3366890735294119
45.54185,185258.468627451,-25.28758999019477,0.3366890735294119
45.54185,187305.52352941176,-20.426901791048657,0.3366890735294119
45.54185,189352.57843137253,-16.39843705117648,0.3366890735294119
45.54185,191399.6333333333,-33.00961954307602,0.3366890735294119
45.54185,193446.68823529413,-21.019168121343448,0.3366890735294119
45.54185,195493.7431372549,-23.83365497302153,0.3366890735294119
45.54185,197540.79803921568,-31.53805223879445,0.3366890735294119
45.54185,199587.85294117645,-27.205631822526655,0.3366890735294119
45.54185,201634.9078431372,-27.413875874558062,0.3366890735294119
45.54185,203681.96274509805,-23.824763775578745,0.3366890735294119
45.54185,205729.0176470588,-40.05334255843629,0.3366890735294119
45.54185,207776.0725490196,-28.591082351246303,0.3366890735294119
45.54185,209823.12745098036,-38.550316340029326,0.3366890735294119
45.54185,211870.1823529412,-35.448706434613946,0.3366890735294119
45.54185,213917.23725490196,-27.1444986999414,0.3366890735294119
45.603306,93140.99803921569,-28.448285789089205,0.3366890735294119
45.603306,95188.05294117646,-20.729804085053072,0.3366890735294119
45.603306,97235.10784313724,-18.75001621990584,0.3366890735294119
45.603306,99282.162745098,-27.607896606501665,0.3366890735294119
45.603306,101329.21764705885,-22.07567232708933,0.3366890735294119
45.603306,103376.2725490196,-21.25430321604233,0.3366890735294119
45.603306,105423.32745098036,-15.232448475417575,0.3366890735294119
45.603306,107470.38235294116,-20.863708435534942,0.3366890735294119
45.603306,109517.43725490198,-15.59515072763185,0.3366890735294119
45.603306,111564.49215686276,-19.00105117369362,0.3366890735294119
45.603306,113611.54705882352,-19.141539342761572,0.3366890735294119
45.603306,115658.60196078428,-33.44099296066809,0.3366890735294119
45.603306,117705.65686274506,-18.54222894248229,0.3366890735294119
45.603306,119752.71176470588,-17.72401222236288,0.3366890735294119
45.603306,121799.76666666666,-16.029198451380495,0.3366890735294119
45.603306,123846.82156862743,-14.302253546125485,0.3366890735294119
45.603306,125893.8764705882,-15.027449740031276,0.3366890735294119
45.603306,127940.93137254904,-5.674618601021567,0.3366890735294119
45.603306,129987.9862745098,1.875745978351977,0.3366890735294119
45.603306,132035.04117647058,-2.943621844707793,0.3366890735294119
45.603306,134082.09607843135,-7.273394708148825,0.3366890735294119
45.603306,136129.15098039212,-13.367750928395594,0.3366890735294119
45.603306,138176.20588235295,-26.76533223682863,0.3366890735294119
45.603306,140223.26078431372,-14.079071167200484,0.3366890735294119
45.603306,142270.3156862745,-15.896922854839776,0.3366890735294119
45.603306,144317.37058823527,-23.927851314738227,0.3366890735294119
45.603306,146364.4254901961,-20.182961161232384,0.3366890735294119
45.603306,148411.48039215687,-24.535250653866516,0.3366890735294119
45.603306,150458.53529411764,-21.710397850018985,0.3366890735294119
45.603306,152505.5901960784,-23.509246790041217,0.3366890735294119
45.603306,154552.64509803918,-33.29348157541129,0.3366890735294119
45.603306,156599.7,-24.433883938403795,0.3366890735294119
45.603306,158646.75490196078,-27.64851254305316,0.3366890735294119
45.603306,160693.80980392155,-24.9517480413018,0.3366890735294119
45.603306,162740.86470588233,-25.33261775492247,0.3366890735294119
45.603306,164787.91960784316,-22.33245969821729,0.3366890735294119
45.603306,166834.97450980393,-30.734239866976072,0.3366890735294119
45.603306,168882.0294117647,-21.62663208008024,0.3366890735294119
45.603306,170929.08431372547,-38.02668230137733,0.3366890735294119
45.603306,172976.13921568624,-25.73635024482546,0.3366890735294119
45.603306,175023.19411764707,-24.771566068179688,0.3366890735294119
45.603306,177070.24901960784,-25.76742160976777,0.3366890735294119
45.603306,179117.3039215686,-23.153589444476246,0.3366890735294119
45.603306,181164.3588235294,-12.020555031088575,0.3366890735294119
45.603306,183211.41372549016,-12.745376988906106,0.3366890735294119
45.603306,185258.468627451,-21.475418400371268,0.3366890735294119
45.603306,187305.52352941176,-17.976146200550357,0.3366890735294119
45.603306,189352.57843137253,-21.08214346294708,0.3366890735294119
45.603306,191399.6333333333,-25.12701565432645,0.3366890735294119
45.603306,193446.68823529413,-23.59825077339855,0.3366890735294119
45.603306,195493.7431372549,-25.751594298478313,0.3366890735294119
45.603306,197540.79803921568,-32.425334675731804,0.3366890735294119
45.603306,199587.85294117645,-24.257626864332412,0.3366890735294119
45.603306,201634.9078431372,-27.07835573350813,0.3366890735294119
45.603306,203681.96274509805,-20.510044638652182,0.3366890735294119
45.603306,205729.0176470588,-36.39731437595146,0.3366890735294119
45.603306,207776.0725490196,-28.24464253187548,0.3366890735294119
45.603306,209823.12745098036,-43.92864135371469,0.3366890735294119
45.603306,211870.1823529412,-29.7444742731382,0.3366890735294119
45.603306,213917.23725490196,-30.552816057682897,0.3366890735294119
45.660804,93140.99803921569,-33.30945733000573,0.3366890735294119
45.660804,95188.05294117646,-21.36379889055593,0.3366890735294119
45.660804,97235.10784313724,-18.680825277429857,0.3366890735294119
45.660804,99282.162745098,-27.672160645776763,0.3366890735294119
45.660804,101329.21764705885,-20.1587293032315,0.3366890735294119
45.660804,103376.2725490196,-23.1988703941367,0.3366890735294119
45.660804,105423.32745098036,-15.037796734676297,0.3366890735294119
45.660804,107470.38235294116,-21.01151016026838,0.3366890735294119
45.660804,109517.43725490198,-14.607205173040963,0.3366890735294119
45.660804,111564.49215686276,-24.987515427518584,0.3366890735294119
45.660804,113611.54705882352,-19.5661366941841,0.3366890735294119
45.660804,115658.60196078428,-27.265963038627163,0.3366890735294119
45.660804,117705.65686274506,-21.652864982490463,0.3366890735294119
45.660804,119752.71176470588,-16.56344199803971,0.3366890735294119
45.660804,121799.76666666666,-15.617194905566162,0.3366890735294119
45.660804,123846.82156862743,-14.92650243584622,0.3366890735294119
45.660804,125893.8764705882,-17.83595290320133,0.3366890735294119
45.660804,127940.93137254904,-6.120591942729395,0.3366890735294119
45.660804,129987.9862745098,2.0545322852854584,0.3366890735294119
45.660804,132035.04117647058,-2.4628464055374586,0.3366890735294119
45.660804,134082.09607843135,-7.406212919486832,0.3366890735294119
45.660804,136129.15098039212,-13.6639073090436,0.3366890735294119
45.660804,138176.20588235295,-21.76410687193506,0.3366890735294119
45.660804,140223.26078431372,-14.618922332054488,0.3366890735294119
45.660804,142270.3156862745,-15.6048795387826,0.3366890735294119
45.660804,144317.37058823527,-24.195826153109365,0.3366890735294119
45.660804,146364.4254901961,-19.93726280896717,0.3366890735294119
45.660804,148411.48039215687,-25.310763604528827,0.3366890735294119
45.660804,150458.53529411764,-19.553406792829065,0.3366890735294119
45.660804,152505.5901960784,-23.194158571771226,0.3366890735294119
45.660804,154552.64509803918,-27.134466222759652,0.3366890735294119
45.660804,156599.7,-25.307173570575134,0.3366890735294119
45.660804,158646.75490196078,-28.00662735861682,0.3366890735294119
45.660804,160693.80980392155,-27.22498126598825,0.3366890735294119
45.660804,162740.86470588233,-31.656630030399455,0.3366890735294119
45.660804,164787.91960784316,-22.00735886491152,0.3366890735294119
45.660804,166834.97450980393,-30.306217324349017,0.3366890735294119
45.660804,168882.0294117647,-22.11928744330688,0.3366890735294119
45.660804,170929.08431372547,-29.848477399160465,0.3366890735294119
45.660804,172976.13921568624,-32.83178936391428,0.3366890735294119
45.660804,175023.19411764707,-24.98478942232182,0.3366890735294119
45.660804,177070.24901960784,-25.76150867784545,0.3366890735294119
45.660804,179117.3039215686,-22.12268610949783,0.3366890735294119
45.660804,181164.3588235294,-13.291416046323691,0.3366890735294119
45.660804,183211.41372549016,-12.935608843258573,0.3366890735294119
45.660804,185258.468627451,-21.127060520053227,0.3366890735294119
45.660804,187305.52352941176,-17.77440612704448,0.3366890735294119
45.660804,189352.57843137253,-17.76101972344158,0.3366890735294119
45.660804,191399.6333333333,-29.291083194153103,0.3366890735294119
45.660804,193446.68823529413,-19.271738081286745,0.3366890735294119
45.660804,195493.7431372549,-26.45612794179046,0.3366890735294119
45.660804,197540.79803921568,-30.34007705004123,0.3366890735294119
45.660804,199587.85294117645,-21.16031014482452,0.3366890735294119
45.660804,201634.9078431372,-25.144333608899338,0.3366890735294119
45.660804,203681.96274509805,-20.15584613587765,0.3366890735294119
45.660804,205729.0176470588,-23.60378109553304,0.3366890735294119
45.660804,207776.0725490196,-24.219848596925253,0.3366890735294119
45.660804,209823.12745098036,-38.07626071728361,0.3366890735294119
45.660804,211870.1823529412,-30.04093238639434,0.3366890735294119
45.660804,213917.23725490196,-31.373801292900826,0.3366890735294119
45.742979,93140.99803921569,-26.092494983821062,0.3366890735294119
45.742979,95188.05294117646,-23.625603693036375,0.3366890735294119
45.742979,97235.10784313724,-17.64965193679424,0.3366890735294119
45.742979,99282.162745098,-26.645778567250893,0.3366890735294119
45.742979,101329.21764705885,-20.319858476720345,0.3366890735294119
45.742979,103376.2725490196,-26.60658082193252,0.3366890735294119
45.742979,105423.32745098036,-14.232901056646972,0.3366890735294119
45.742979,107470.38235294116,-19.839766069349476,0.3366890735294119
45.742979,109517.43725490198,-14.258463971551208,0.3366890735294119
45.742979,111564.49215686276,-24.497633775393982,0.3366890735294119
45.742979,113611.54705882352,-19.278609165896206,0.3366890735294119
45.742979,115658.60196078428,-24.908204225626257,0.3366890735294119
45.742979,117705.65686274506,-27.28602579649055,0.3366890735294119
45.742979,119752.71176470588,-18.074532248991808,0.3366890735294119
45.742979,121799.76666666666,-14.466435928086025,0.3366890735294119
45.742979,123846.82156862743,-16.357044355874063,0.3366890735294119
45.742979,125893.8764705882,-28.454175180169724,0.3366890735294119
45.742979,127940.93137254904,-6.90242689537471,0.3366890735294119
45.742979,129987.9862745098,2.5362784086232493,0.3366890735294119
45.742979,132035.04117647058,-1.8873080755340983,0.3366890735294119
45.742979,134082.09607843135,-7.105810830658389,0.3366890735294119
45.742979,136129.15098039212,-14.071308155582916,0.3366890735294119
45.742979,138176.20588235295,-17.62251276380666,0.3366890735294119
45.742979,140223.26078431372,-15.794147771034336,0.3366890735294119
45.742979,142270.3156862745,-14.696811182470428,0.3366890735294119
45.742979,144317.37058823527,-30.013843792357974,0.3366890735294119
45.742979,146364.4254901961,-22.259253407274507,0.3366890735294119
45.742979,148411.48039215687,-24.877366449986265,0.3366890735294119
45.742979,150458.53529411764,-19.85547227015407,0.3366890735294119
45.742979,152505.5901960784,-21.625203421125796,0.3366890735294119
45.742979,154552.64509803918,-22.99165766588149,0.3366890735294119
45.742979,156599.7,-26.790801133559174,0.3366890735294119
45.742979,158646.75490196078,-24.3810758385494,0.3366890735294119
45.742979,160693.80980392155,-28.40285075999716,0.3366890735294119
45.742979,162740.86470588233,-29.109768331103815,0.3366890735294119
45.742979,164787.91960784316,-22.56257151259968,0.3366890735294119
45.742979,166834.97450980393,-28.539359376304088,0.3366890735294119
45.742979,168882.0294117647,-24.45293172751446,0.3366890735294119
45.742979,170929.08431372547,-28.352630783467653,0.3366890735294119
45.742979,172976.13921568624,-24.15892222913151,0.3366890735294119
45.742979,175023.19411764707,-25.967571494962563,0.3366890735294119
45.742979,177070.24901960784,-31.512811494695537,0.3366890735294119
45.742979,179117.3039215686,-19.049822157223943,0.3366890735294119
45.742979,181164.3588235294,-14.927894364520585,0.3366890735294119
45.742979,183211.41372549016,-12.4883814741426,0.3366890735294119
45.742979,185258.468627451,-22.54100729720388,0.3366890735294119
45.742979,187305.52352941176,-18.88387340289284,0.3366890735294119
45.742979,189352.57843137253,-16.842691610619337,0.3366890735294119
45.742979,191399.6333333333,-36.20050591804002,0.3366890735294119
45.742979,193446.68823529413,-18.956332112385173,0.3366890735294119
45.742979,195493.7431372549,-25.65999702997891,0.3366890735294119
45.742979,197540.79803921568,-30.42076911266362,0.3366890735294119
45.742979,199587.85294117645,-26.03344100116555,0.3366890735294119
45.742979,201634.9078431372,-23.14796860275651,0.3366890735294119
45.742979,203681.96274509805,-23.509165242602435,0.3366890735294119
45.742979,205729.0176470588,-28.037064800711697,0.3366890735294119
45.742979,207776.0725490196,-28.733330631541392,0.3366890735294119
45.742979,209823.12745098036,-32.49603467543842,0.3366890735294119
45.742979,211870.1823529412,-33.591432444762866,0.3366890735294119
45.742979,213917.23725490196,-24.885156266315064,0.3366890735294119
45.805418,93140.99803921569,-25.737847308630062,0.3366890735294119
45.805418,95188.05294117646,-23.8492568238222,0.3366890735294119
45.805418,97235.10784313724,-17.709032796853105,0.3366890735294119
45.805418,99282.162745098,-26.92597242605144,0.3366890735294119
45.805418,101329.21764705885,-20.51520209153623,0.3366890735294119
45.805418,103376.2725490196,-24.869526390182344,0.3366890735294119
45.805418,105423.32745098036,-14.317368899859597,0.3366890735294119
45.805418,107470.38235294116,-19.926467106052534,0.3366890735294119
45.805418,109517.43725490198,-14.175992217295484,0.3366890735294119
45.805418,111564.49215686276,-23.17580211906546,0.3366890735294119
45.805418,113611.54705882352,-18.8710305696062,0.3366890735294119
45.805418,115658.60196078428,-24.71085835091276,0.3366890735294119
45.805418,117705.65686274506,-25.940883333586836,0.3366890735294119
45.805418,119752.71176470588,-18.055023952342353,0.3366890735294119
45.805418,121799.76666666666,-14.229236178074675,0.3366890735294119
45.805418,123846.82156862743,-16.473227546238242,0.3366890735294119
45.805418,125893.8764705882,-27.33200933785133,0.3366890735294119
45.805418,127940.93137254904,-6.921907692765204,0.3366890735294119
45.805418,129987.9862745098,2.429085865827098,0.3366890735294119
45.805418,132035.04117647058,-2.0914423508435904,0.3366890735294119
45.805418,134082.09607843135,-7.186959078351545,0.3366890735294119
45.805418,136129.15098039212,-14.04583167633737,0.3366890735294119
45.805418,138176.20588235295,-18.124683215910057,0.3366890735294119
45.805418,140223.26078431372,-16.219634279698084,0.3366890735294119
45.805418,142270.3156862745,-14.468901424560084,0.3366890735294119
45.805418,144317.37058823527,-29.45017074082122,0.3366890735294119
45.805418,146364.4254901961,-22.98316676045708,0.3366890735294119
45.805418,148411.48039215687,-25.201964297359304,0.3366890735294119
45.805418,150458.53529411764,-19.763364921482857,0.3366890735294119
45.805418,152505.5901960784,-20.417594647414862,0.3366890735294119
45.805418,154552.64509803918,-22.983118402146836,0.3366890735294119
45.805418,156599.7,-25.89096569969034,0.3366890735294119
45.805418,158646.75490196078,-24.513559524997888,0.3366890735294119
45.805418,160693.80980392155,-28.788925629603995,0.3366890735294119
45.805418,162740.86470588233,-29.947315414854337,0.3366890735294119
45.805418,164787.91960784316,-23.019298444914988,0.3366890735294119
45.805418,166834.97450980393,-28.6191966069594,0.3366890735294119
45.805418,168882.0294117647,-25.21207773439786,0.3366890735294119
45.805418,170929.08431372547,-29.639218065622643,0.3366890735294119
45.805418,172976.13921568624,-24.32870243061633,0.3366890735294119
45.805418,175023.19411764707,-26.056109475491184,0.3366890735294119
45.805418,177070.24901960784,-30.38428368902453,0.3366890735294119
45.805418,179117.3039215686,-18.8955021162391,0.3366890735294119
45.805418,181164.3588235294,-14.867295617157067,0.3366890735294119
45.805418,183211.41372549016,-12.785874020905927,0.3366890735294119
45.805418,185258.468627451,-21.373574412189356,0.3366890735294119
45.805418,187305.52352941176,-19.510997100835276,0.3366890735294119
45.805418,189352.57843137253,-17.109002713708964,0.3366890735294119
45.805418,191399.6333333333,-33.62738052730998,0.3366890735294119
45.805418,193446.68823529413,-19.181652716264995,0.3366890735294119
45.805418,195493.7431372549,-25.098929702605155,0.3366890735294119
45.805418,197540.79803921568,-29.35454215085961,0.3366890735294119
45.805418,199587.85294117645,-25.20439153248285,0.3366890735294119
45.805418,201634.9078431372,-24.046478107529428,0.3366890735294119
45.805418,203681.96274509805,-23.212514440845908,0.3366890735294119
45.805418,205729.0176470588,-28.0221604909543,0.3366890735294119
45.805418,207776.0725490196,-29.061274698828036,0.3366890735294119
45.805418,209823.12745098036,-32.20758125865889,0.3366890735294119
45.805418,211870.1823529412,-32.09521295354902,0.3366890735294119
45.805418,213917.23725490196,-26.4126690677612,0.3366890735294119
45.864991,93140.99803921569,-37.6193811910889,0.3366890735294119
45.864991,95188.05294117646,-20.93304979687506,0.3366890735294119
45.864991,97235.10784313724,-21.092416473219014,0.3366890735294119
45.864991,99282.162745098,-33.98209592584408,0.3366890735294119
45.864991,101329.21764705885,-25.58349954758256,0.3366890735294119
45.864991,103376.2725490196,-17.609809380025887,0.3366890735294119
45.864991,105423.32745098036,-23.34101340119857,0.3366890735294119
45.864991,107470.38235294116,-33.85260473291281,0.3366890735294119
45.864991,109517.43725490198,-19.70879947068893,0.3366890735294119
45.864991,111564.49215686276,-16.520280418421628,0.3366890735294119
45.864991,113611.54705882352,-21.40987123283199,0.3366890735294119
45.864991,115658.60196078428,-27.40395352592668,0.3366890735294119
45.864991,117705.65686274506,-29.43648930005024,0.3366890735294119
45.864991,119752.71176470588,-14.876672539485728,0.3366890735294119
45.864991,121799.76666666666,-35.47178531652318,0.3366890735294119
45.864991,123846.82156862743,-15.955954569348313,0.3366890735294119
45.864991,125893.8764705882,-10.466301307141952,0.3366890735294119
45.864991,127940.93137254904,-8.424186141609656,0.3366890735294119
45.864991,129987.9862745098,0.6489678984560625,0.3366890735294119
45.864991,132035.04117647058,-1.1427974899049007,0.3366890735294119
45.864991,134082.09607843135,-10.447621507465424,0.3366890735294119
45.864991,136129.15098039212,-11.936442196424329,0.3366890735294119
45.864991,138176.20588235295,-13.024470101638276,0.3366890735294119
45.864991,140223.26078431372,-21.09000380940905,0.3366890735294119
45.864991,142270.3156862745,-15.59447466068587,0.3366890735294119
45.864991,144317.37058823527,-21.552932229336022,0.3366890735294119
45.864991,146364.4254901961,-22.031184915418415,0.3366890735294119
45.864991,148411.48039215687,-27.510598217823777,0.3366890735294119
45.864991,150458.53529411764,-21.917870481732557,0.3366890735294119
45.864991,152505.5901960784,-23.38624386504987,0.3366890735294119
45.864991,154552.64509803918,-24.075301366860497,0.3366890735294119
45.864991,156599.7,-23.206687048521857,0.3366890735294119
45.864991,158646.75490196078,-27.30109912292141,0.3366890735294119
45.864991,160693.80980392155,-27.439743749812884,0.3366890735294119
45.864991,162740.86470588233,-30.551083851320236,0.3366890735294119
45.864991,164787.91960784316,-25.34414890742347,0.3366890735294119
45.864991,166834.97450980393,-26.774219090152144,0.3366890735294119
45.864991,168882.0294117647,-26.70431062582674,0.3366890735294119
45.864991,170929.08431372547,-25.39866913591648,0.3366890735294119
45.864991,172976.13921568624,-29.548713538423883,0.3366890735294119
45.864991,175023.19411764707,-29.968885184585453,0.3366890735294119
45.864991,177070.24901960784,-28.73955141303995,0.3366890735294119
45.864991,179117.3039215686,-30.856588551501197,0.3366890735294119
45.864991,181164.3588235294,-15.72219378017411,0.3366890735294119
45.864991,183211.41372549016,-15.571211438418224,0.3366890735294119
45.864991,185258.468627451,-31.357718781906563,0.3366890735294119
45.864991,187305.52352941176,-24.255416219222212,0.3366890735294119
45.864991,189352.57843137253,-26.643484224203952,0.3366890735294119
45.864991,191399.6333333333,-25.916033427839697,0.3366890735294119
45.864991,193446.68823529413,-23.402133037330355,0.3366890735294119
45.864991,195493.7431372549,-23.68223357887183,0.3366890735294119
45.864991,197540.79803921568,-25.383869050575,0.3366890735294119
45.864991,199587.85294117645,-27.254924841956235,0.3366890735294119
45.864991,201634.9078431372,-21.67580214913492,0.3366890735294119
45.864991,203681.96274509805,-24.645801006309497,0.3366890735294119
45.864991,205729.0176470588,-29.397651164842927,0.3366890735294119
45.864991,207776.0725490196,-27.48947418352913,0.3366890735294119
45.864991,209823.12745098036,-34.6073651005791,0.3366890735294119
45.864991,211870.1823529412,-55.25703208559022,0.3366890735294119
45.864991,213917.23725490196,-22.3457142514105,0.3366890735294119
45.944281,93140.99803921569,-26.907299596825588,0.3366890735294119
45.944281,95188.05294117646,-23.03991756235724,0.3366890735294119
45.944281,97235.10784313724,-18.15235284870702,0.3366890735294119
45.944281,99282.162745098,-24.575627636282466,0.3366890735294119
45.944281,101329.21764705885,-20.15738523347337,0.3366890735294119
45.944281,103376.2725490196,-29.58418255911127,0.3366890735294119
45.944281,105423.32745098036,-15.321072429663705,0.3366890735294119
45.944281,107470.38235294116,-19.4417849966668,0.3366890735294119
45.944281,109517.43725490198,-14.86880630562261,0.3366890735294119
45.944281,111564.49215686276,-26.26955035423141,0.3366890735294119
45.944281,113611.54705882352,-18.884299934770382,0.3366890735294119
45.944281,115658.60196078428,-23.788450052759337,0.3366890735294119
45.944281,117705.65686274506,-27.4512503734364,0.3366890735294119
45.944281,119752.71176470588,-16.871399158321974,0.3366890735294119
45.944281,121799.76666666666,-15.187193456614896,0.3366890735294119
45.944281,123846.82156862743,-17.996651931996475,0.3366890735294119
45.944281,125893.8764705882,-30.436410584990075,0.3366890735294119
45.944281,127940.93137254904,-7.394720432677163,0.3366890735294119
45.944281,129987.9862745098,2.747097709837421,0.3366890735294119
45.944281,132035.04117647058,-1.577919683429332,0.3366890735294119
45.944281,134082.09607843135,-7.1047125153048665,0.3366890735294119
45.944281,136129.15098039212,-14.713227838126237,0.3366890735294119
45.944281,138176.20588235295,-18.348803835304956,0.3366890735294119
45.944281,140223.26078431372,-14.489460965003818,0.3366890735294119
45.944281,142270.3156862745,-15.207414392683326,0.3366890735294119
45.944281,144317.37058823527,-42.6587349895674,0.3366890735294119
45.944281,146364.4254901961,-23.268334392399197,0.3366890735294119
45.944281,148411.48039215687,-24.208420136441845,0.3366890735294119
45.944281,150458.53529411764,-18.92902253727992,0.3366890735294119
45.944281,152505.5901960784,-22.05338447761295,0.3366890735294119
45.944281,154552.64509803918,-22.816795135469476,0.3366890735294119
45.944281,156599.7,-26.919641764094816,0.3366890735294119
45.944281,158646.75490196078,-24.88841406067706,0.3366890735294119
45.944281,160693.80980392155,-29.898081861528137,0.3366890735294119
45.944281,162740.86470588233,-30.40553306378321,0.3366890735294119
45.944281,164787.91960784316,-22.95455907534175,0.3366890735294119
45.944281,166834.97450980393,-28.868122494443465,0.3366890735294119
45.944281,168882.0294117647,-27.79071674117653,0.3366890735294119
45.944281,170929.08431372547,-30.79612437466828,0.3366890735294119
45.944281,172976.13921568624,-26.44984756719137,0.3366890735294119
45.944281,175023.19411764707,-28.89887426653712,0.3366890735294119
45.944281,177070.24901960784,-29.621015138886015,0.3366890735294119
45.944281,179117.3039215686,-20.2506383370125,0.3366890735294119
45.944281,181164.3588235294,-16.407182931863595,0.3366890735294119
45.944281,183211.41372549016,-13.582095540131755,0.3366890735294119
45.944281,185258.468627451,-21.143493455908633,0.3366890735294119
45.944281,187305.52352941176,-19.47377035741591,0.3366890735294119
45.944281,189352.57843137253,-17.182797119445993,0.3366890735294119
45.944281,191399.6333333333,-40.753640522584135,0.3366890735294119
45.944281,193446.68823529413,-20.050346959312144,0.3366890735294119
45.944281,195493.7431372549,-27.31572784727224,0.3366890735294119
45.944281,197540.79803921568,-27.77379202162173,0.3366890735294119
45.944281,199587.85294117645,-24.296347688928925,0.3366890735294119
45.944281,201634.9078431372,-25.37651435936113,0.3366890735294119
45.944281,203681.96274509805,-24.376066599661986,0.3366890735294119
45.944281,205729.0176470588,-28.64607544511739,0.3366890735294119
45.944281,207776.0725490196,-28.09748886186564,0.3366890735294119
45.944281,209823.12745098036,-36.36742989493429,0.3366890735294119
45.944281,211870.1823529412,-31.98671742006563,0.3366890735294119
45.944281,213917.23725490196,-26.86534735231823,0.3366890735294119
46.003324,93140.99803921569,-22.662582976808533,0.3366890735294119
46.003324,95188.05294117646,-21.91567195414825,0.3366890735294119
46.003324,97235.10784313724,-18.073243528027582,0.3366890735294119
46.003324,99282.162745098,-21.19782405245184,0.3366890735294119
46.003324,101329.21764705885,-19.45452979063837,0.3366890735294119
46.003324,103376.2725490196,-35.43919421869742,0.3366890735294119
46.003324,105423.32745098036,-14.48018942871869,0.3366890735294119
46.003324,107470.38235294116,-18.4206334318466,0.3366890735294119
46.003324,109517.43725490198,-14.629447299992806,0.3366890735294119
46.003324,111564.49215686276,-26.94129840441148,0.3366890735294119
46.003324,113611.54705882352,-17.964843342083615,0.3366890735294119
46.003324,115658.60196078428,-23.29703507968555,0.3366890735294119
46.003324,117705.65686274506,-29.738086305284376,0.3366890735294119
46.003324,119752.71176470588,-16.41108773385597,0.3366890735294119
46.003324,121799.76666666666,-15.20172944922766,0.3366890735294119
46.003324,123846.82156862743,-20.43801514102763,0.3366890735294119
46.003324,125893.8764705882,-52.81448214305112,0.3366890735294119
46.003324,127940.93137254904,-7.438898553676515,0.3366890735294119
46.003324,129987.9862745098,3.10693090472429,0.3366890735294119
46.003324,132035.04117647058,-1.4410436682909795,0.3366890735294119
46.003324,134082.09607843135,-6.590612673673347,0.3366890735294119
46.003324,136129.15098039212,-16.293191061662963,0.3366890735294119
46.003324,138176.20588235295,-16.21088949466,0.3366890735294119
46.003324,140223.26078431372,-14.3368103606742,0.3366890735294119
46.003324,142270.3156862745,-14.280086018389571,0.3366890735294119
46.003324,144317.37058823527,-31.207696840877812,0.3366890735294119
46.003324,146364.4254901961,-23.408554636062966,0.3366890735294119
46.003324,148411.48039215687,-25.12489673519414,0.3366890735294119
46.003324,150458.53529411764,-17.80016870746799,0.3366890735294119
46.003324,152505.5901960784,-23.575842042942657,0.3366890735294119
46.003324,154552.64509803918,-21.55649134113493,0.3366890735294119
46.003324,156599.7,-29.723972409844535,0.3366890735294119
46.003324,158646.75490196078,-22.123453527497887,0.3366890735294119
46.003324,160693.80980392155,-30.39955069024696,0.3366890735294119
46.003324,162740.86470588233,-33.258631555904074,0.3366890735294119
46.003324,164787.91960784316,-24.14909687262724,0.3366890735294119
46.003324,166834.97450980393,-24.79030740523421,0.3366890735294119
46.003324,168882.0294117647,-29.912442483531212,0.3366890735294119
46.003324,170929.08431372547,-38.14273468229115,0.3366890735294119
46.003324,172976.13921568624,-23.1534344777616,0.3366890735294119
46.003324,175023.19411764707,-24.700816941289723,0.3366890735294119
46.003324,177070.24901960784,-35.53787520294169,0.3366890735294119
46.003324,179117.3039215686,-20.169217584234627,0.3366890735294119
46.003324,181164.3588235294,-15.298851600313256,0.3366890735294119
46.003324,183211.41372549016,-13.218908943085683,0.3366890735294119
46.003324,185258.468627451,-25.03616792670516,0.3366890735294119
46.003324,187305.52352941176,-19.777145559534368,0.3366890735294119
46.003324,189352.57843137253,-17.459182752713104,0.3366890735294119
46.003324,191399.6333333333,-47.794179284278535,0.3366890735294119
46.003324,193446.68823529413,-20.45676431481615,0.3366890735294119
46.003324,195493.7431372549,-24.562524283155888,0.3366890735294119
46.003324,197540.79803921568,-35.30204291679378,0.3366890735294119
46.003324,199587.85294117645,-27.125660546809552,0.3366890735294119
46.003324,201634.9078431372,-25.284320112610047,0.3366890735294119
46.003324,203681.96274509805,-29.14691620302943,0.3366890735294119
46.003324,205729.0176470588,-33.75590819993592,0.3366890735294119
46.003324,207776.0725490196,-29.33221989519928,0.3366890735294119
46.003324,209823.12745098036,-31.678807165806333,0.3366890735294119
46.003324,211870.1823529412,-39.408885681995145,0.3366890735294119
46.003324,213917.23725490196,-24.37247601803722,0.3366890735294119
46.066282,93140.99803921569,-22.377424844242707,0.3366890735294119
46.066282,95188.05294117646,-22.983715028180193,0.3366890735294119
46.066282,97235.10784313724,-17.58766225906094,0.3366890735294119
46.066282,99282.162745098,-22.35618898647232,0.3366890735294119
46.066282,101329.21764705885,-20.087441435753547,0.3366890735294119
46.066282,103376.2725490196,-38.31751502713061,0.3366890735294119
46.066282,105423.32745098036,-15.529452921660098,0.3366890735294119
46.066282,107470.38235294116,-18.97887166577684,0.3366890735294119
46.066282,109517.43725490198,-15.492236073245394,0.3366890735294119
46.066282,111564.49215686276,-25.518282150661985,0.3366890735294119
46.066282,113611.54705882352,-18.27590418781551,0.3366890735294119
46.066282,115658.60196078428,-23.43145271419699,0.3366890735294119
46.066282,117705.65686274506,-26.60806562239703,0.3366890735294119
46.066282,119752.71176470588,-16.924916823409088,0.3366890735294119
46.066282,121799.76666666666,-16.874005703628665,0.3366890735294119
46.066282,123846.82156862743,-19.405108768174873,0.3366890735294119
46.066282,125893.8764705882,-28.32704484598366,0.3366890735294119
46.066282,127940.93137254904,-8.056118787759349,0.3366890735294119
46.066282,129987.9862745098,3.1106484979374978,0.3366890735294119
46.066282,132035.04117647058,-0.660186915399308,0.3366890735294119
46.066282,134082.09607843135,-7.034146749304488,0.3366890735294119
46.066282,136129.15098039212,-16.92231183501071,0.3366890735294119
46.066282,138176.20588235295,-15.32104891497236,0.3366890735294119
46.066282,140223.26078431372,-14.20910615463736,0.3366890735294119
46.066282,142270.3156862745,-15.315445418770269,0.3366890735294119
46.066282,144317.37058823527,-30.65573611297576,0.3366890735294119
46.066282,146364.4254901961,-23.06082429926058,0.3366890735294119
46.066282,148411.48039215687,-22.097472681717804,0.3366890735294119
46.066282,150458.53529411764,-16.297620408616112,0.3366890735294119
46.066282,152505.5901960784,-32.91432249235962,0.3366890735294119
46.066282,154552.64509803918,-20.554522279510905,0.3366890735294119
46.066282,156599.7,-30.034731195295016,0.3366890735294119
46.066282,158646.75490196078,-23.21977958011106,0.3366890735294119
46.066282,160693.80980392155,-26.45767568196413,0.3366890735294119
46.066282,162740.86470588233,-43.29931383593686,0.3366890735294119
46.066282,164787.91960784316,-24.010406725001708,0.3366890735294119
46.066282,166834.97450980393,-26.281311110194473,0.3366890735294119
46.066282,168882.0294117647,-35.63051424982493,0.3366890735294119
46.066282,170929.08431372547,-28.922328566233016,0.3366890735294119
46.066282,172976.13921568624,-21.62493924117008,0.3366890735294119
46.066282,175023.19411764707,-25.05689422573713,0.3366890735294119
46.066282,177070.24901960784,-35.257948891278886,0.3366890735294119
46.066282,179117.3039215686,-20.69672262283064,0.3366890735294119
46.066282,181164.3588235294,-16.18094272792932,0.3366890735294119
46.066282,183211.41372549016,-14.021996005729273,0.3366890735294119
46.066282,185258.468627451,-23.441417213751492,0.3366890735294119
46.066282,187305.52352941176,-19.073990168796907,0.3366890735294119
46.066282,189352.57843137253,-17.22784242658669,0.3366890735294119
46.066282,191399.6333333333,-41.06010554540846,0.3366890735294119
46.066282,193446.68823529413,-20.817049950841685,0.3366890735294119
46.066282,195493.7431372549,-23.542719236793,0.3366890735294119
46.066282,197540.79803921568,-37.26788113619634,0.3366890735294119
46.066282,199587.85294117645,-23.24137616271597,0.3366890735294119
46.066282,201634.9078431372,-32.18836817551749,0.3366890735294119
46.066282,203681.96274509805,-29.616699433986593,0.3366890735294119
46.066282,205729.0176470588,-38.99696960600202,0.3366890735294119
46.066282,207776.0725490196,-29.43646666958122,0.3366890735294119
46.066282,209823.12745098036,-31.930131554138597,0.3366890735294119
46.066282,211870.1823529412,-32.5639033588626,0.3366890735294119
46.066282,213917.23725490196,-27.30290057876185,0.3366890735294119
46.123789,93140.99803921569,-20.016280240938297,0.3366890735294119
46.123789,95188.05294117646,-24.979477459198197,0.3366890735294119
46.123789,97235.10784313724,-19.6751300418874,0.3366890735294119
46.123789,99282.162745098,-22.48896266201207,0.3366890735294119
46.123789,101329.21764705885,-26.161219279057704,0.3366890735294119
46.123789,103376.2725490196,-39.91812707098785,0.3366890735294119
46.123789,105423.32745098036,-18.102010311628316,0.3366890735294119
46.123789,107470.38235294116,-18.52699879342945,0.3366890735294119
46.123789,109517.43725490198,-16.687375088853855,0.3366890735294119
46.123789,111564.49215686276,-23.938758846049907,0.3366890735294119
46.123789,113611.54705882352,-17.43049103551478,0.3366890735294119
46.123789,115658.60196078428,-19.57294484629744,0.3366890735294119
46.123789,117705.65686274506,-23.868944686355444,0.3366890735294119
46.123789,119752.71176470588,-17.702601339071855,0.3366890735294119
46.123789,121799.76666666666,-17.157452839164655,0.3366890735294119
46.123789,123846.82156862743,-22.653514862120815,0.3366890735294119
46.123789,125893.8764705882,-23.08934127123682,0.3366890735294119
46.123789,127940.93137254904,-10.969483092920438,0.3366890735294119
46.123789,129987.9862745098,3.1167286968994605,0.3366890735294119
46.123789,132035.04117647058,0.1988095862731042,0.3366890735294119
46.123789,134082.09607843135,-7.256630154223453,0.3366890735294119
46.123789,136129.15098039212,-16.974228517853746,0.3366890735294119
46.123789,138176.20588235295,-12.261669527104074,0.3366890735294119
46.123789,140223.26078431372,-14.092218754680886,0.3366890735294119
46.123789,142270.3156862745,-17.076934953882198,0.3366890735294119
46.123789,144317.37058823527,-23.337366962775658,0.3366890735294119
46.123789,146364.4254901961,-21.47868564643368,0.3366890735294119
46.123789,148411.48039215687,-23.668619074279885,0.3366890735294119
46.123789,150458.53529411764,-17.434582855512566,0.3366890735294119
46.123789,152505.5901960784,-34.37085250218998,0.3366890735294119
46.123789,154552.64509803918,-20.76760431377416,0.3366890735294119
46.123789,156599.7,-27.49265910913533,0.3366890735294119
46.123789,158646.75490196078,-23.39233190452389,0.3366890735294119
46.123789,160693.80980392155,-23.169685040278548,0.3366890735294119
46.123789,162740.86470588233,-34.59341865499567,0.3366890735294119
46.123789,164787.91960784316,-26.413376020737537,0.3366890735294119
46.123789,166834.97450980393,-25.12757108743888,0.3366890735294119
46.123789,168882.0294117647,-30.15333297711923,0.3366890735294119
46.123789,170929.08431372547,-34.72312797948679,0.3366890735294119
46.123789,172976.13921568624,-22.66559667234415,0.3366890735294119
46.123789,175023.19411764707,-25.39402125481405,0.3366890735294119
46.123789,177070.24901960784,-33.96914585966398,0.3366890735294119
46.123789,179117.3039215686,-23.277428105946377,0.3366890735294119
46.123789,181164.3588235294,-19.548559711876383,0.3366890735294119
46.123789,183211.41372549016,-15.280210775750133,0.3366890735294119
46.123789,185258.468627451,-25.55793546431679,0.3366890735294119
46.123789,187305.52352941176,-21.924775908900955,0.3366890735294119
46.123789,189352.57843137253,-18.191678759696025,0.3366890735294119
46.123789,191399.6333333333,-33.25446529703327,0.3366890735294119
46.123789,193446.68823529413,-26.039418431552104,0.3366890735294119
46.123789,195493.7431372549,-26.806833866308164,0.3366890735294119
46.123789,197540.79803921568,-38.22521309837636,0.3366890735294119
46.123789,199587.85294117645,-28.576614016745665,0.3366890735294119
46.123789,201634.9078431372,-40.3980990367283,0.3366890735294119
46.123789,203681.96274509805,-42.37690037348763,0.3366890735294119
46.123789,205729.0176470588,-37.22713817674773,0.3366890735294119
46.123789,207776.0725490196,-31.024692813344508,0.3366890735294119
46.123789,209823.12745098036,-55.19641222665453,0.3366890735294119
46.123789,211870.1823529412,-34.872011675485254,0.3366890735294119
46.123789,213917.23725490196,-29.82925350997139,0.3366890735294119
46.181008,93140.99803921569,-20.1052293310485,0.3366890735294119
46.181008,95188.05294117646,-24.25287689975114,0.3366890735294119
46.181008,97235.10784313724,-19.265124146367192,0.3366890735294119
46.181008,99282.162745098,-24.035443716407453,0.3366890735294119
46.181008,101329.21764705885,-23.29186896428553,0.3366890735294119
46.181008,103376.2725490196,-46.62373627642051,0.3366890735294119
46.181008,105423.32745098036,-17.337390251461557,0.3366890735294119
46.181008,107470.38235294116,-17.964564180443592,0.3366890735294119
46.181008,109517.43725490198,-16.931016253998514,0.3366890735294119
46.181008,111564.49215686276,-24.28915945045928,0.3366890735294119
46.181008,113611.54705882352,-17.161679579402687,0.3366890735294119
46.181008,115658.60196078428,-20.05212927940108,0.3366890735294119
46.181008,117705.65686274506,-23.40249403499419,0.3366890735294119
46.181008,119752.71176470588,-16.965045459905607,0.3366890735294119
46.181008,121799.76666666666,-16.477374048142547,0.3366890735294119
46.181008,123846.82156862743,-22.385227360797984,0.3366890735294119
46.181008,125893.8764705882,-24.902902927174985,0.3366890735294119
46.181008,127940.93137254904,-11.090449153275795,0.3366890735294119
46.181008,129987.9862745098,3.0734513730898394,0.3366890735294119
46.181008,132035.04117647058,0.0702280289843539,0.3366890735294119
46.181008,134082.09607843135,-7.249200077923255,0.3366890735294119
46.181008,136129.15098039212,-16.676729681566258,0.3366890735294119
46.181008,138176.20588235295,-12.761838761056431,0.3366890735294119
46.181008,140223.26078431372,-14.504356092871864,0.3366890735294119
46.181008,142270.3156862745,-16.76593359337757,0.3366890735294119
46.181008,144317.37058823527,-24.222056427736888,0.3366890735294119
46.181008,146364.4254901961,-22.32315771870499,0.3366890735294119
46.181008,148411.48039215687,-25.93738323617126,0.3366890735294119
46.181008,150458.53529411764,-17.817973144453756,0.3366890735294119
46.181008,152505.5901960784,-42.99831605251341,0.3366890735294119
46.181008,154552.64509803918,-21.097024231701457,0.3366890735294119
46.181008,156599.7,-27.03109661545664,0.3366890735294119
46.181008,158646.75490196078,-23.74194317656411,0.3366890735294119
46.181008,160693.80980392155,-22.925487788400503,0.3366890735294119
46.181008,162740.86470588233,-30.781106038247835,0.3366890735294119
46.181008,164787.91960784316,-26.179702035004272,0.3366890735294119
46.181008,166834.97450980393,-26.973147025247783,0.3366890735294119
46.181008,168882.0294117647,-35.04190807282223,0.3366890735294119
46.181008,170929.08431372547,-32.316592478600526,0.3366890735294119
46.181008,172976.13921568624,-23.415374754102753,0.3366890735294119
46.181008,175023.19411764707,-26.541189578632597,0.3366890735294119
46.181008,177070.24901960784,-36.17887110836734,0.3366890735294119
46.181008,179117.3039215686,-24.57674327479705,0.3366890735294119
46.181008,181164.3588235294,-19.01753719470123,0.3366890735294119
46.181008,183211.41372549016,-15.36099113505932,0.3366890735294119
46.181008,185258.468627451,-27.588158306901104,0.3366890735294119
46.181008,187305.52352941176,-22.16497199322317,0.3366890735294119
46.181008,189352.57843137253,-18.242644209155493,0.3366890735294119
46.181008,191399.6333333333,-33.33193575240748,0.3366890735294119
46.181008,193446.68823529413,-24.01277803572519,0.3366890735294119
46.181008,195493.7431372549,-26.73225123991653,0.3366890735294119
46.181008,197540.79803921568,-37.16520254307237,0.3366890735294119
46.181008,199587.85294117645,-27.93251450169756,0.3366890735294119
46.181008,201634.9078431372,-37.170439954725666,0.3366890735294119
46.181008,203681.96274509805,-29.158171496918047,0.3366890735294119
46.181008,205729.0176470588,-35.7156326011397,0.3366890735294119
46.181008,207776.0725490196,-32.70576462401869,0.3366890735294119
46.181008,209823.12745098036,-35.96769896598427,0.3366890735294119
46.181008,211870.1823529412,-27.97168072812967,0.3366890735294119
46.181008,213917.23725490196,-31.053084643519504,0.3366890735294119
46.23923,93140.99803921569,-20.26864022679784,0.3366890735294119
46.23923,95188.05294117646,-25.39969006038328,0.3366890735294119
46.23923,97235.10784313724,-19.100392324255825,0.3366890735294119
46.23923,99282.162745098,-24.042855982147096,0.3366890735294119
46.23923,101329.21764705885,-25.215042143679742,0.3366890735294119
46.23923,103376.2725490196,-43.88745751956484,0.3366890735294119
46.23923,105423.32745098036,-17.10835670363692,0.3366890735294119
46.23923,107470.38235294116,-18.540811305321995,0.3366890735294119
46.23923,109517.43725490198,-16.05930136128658,0.3366890735294119
46.23923,111564.49215686276,-29.35288941115786,0.3366890735294119
46.23923,113611.54705882352,-16.88433982424878,0.3366890735294119
46.23923,115658.60196078428,-19.538806148264054,0.3366890735294119
46.23923,117705.65686274506,-23.617607434292147,0.3366890735294119
46.23923,119752.71176470588,-16.92084360805468,0.3366890735294119
46.23923,121799.76666666666,-17.07896697532657,0.3366890735294119
46.23923,123846.82156862743,-21.72737812940515,0.3366890735294119
46.23923,125893.8764705882,-26.07287056303102,0.3366890735294119
46.23923,127940.93137254904,-10.86813266704942,0.3366890735294119
46.23923,129987.9862745098,3.0581490017485535,0.3366890735294119
46.23923,132035.04117647058,0.0049071626369025,0.3366890735294119
46.23923,134082.09607843135,-7.320511594604082,0.3366890735294119
46.23923,136129.15098039212,-15.036374179546549,0.3366890735294119
46.23923,138176.20588235295,-13.959193129985035,0.3366890735294119
46.23923,140223.26078431372,-14.407361721296512,0.3366890735294119
46.23923,142270.3156862745,-17.438740601529258,0.3366890735294119
46.23923,144317.37058823527,-26.71459435801281,0.3366890735294119
46.23923,146364.4254901961,-24.881688682615497,0.3366890735294119
46.23923,148411.48039215687,-24.572292842073647,0.3366890735294119
46.23923,150458.53529411764,-17.350976187560725,0.3366890735294119
46.23923,152505.5901960784,-33.291517046306936,0.3366890735294119
46.23923,154552.64509803918,-21.028346479640692,0.3366890735294119
46.23923,156599.7,-27.81360521082562,0.3366890735294119
46.23923,158646.75490196078,-26.360065808639387,0.3366890735294119
46.23923,160693.80980392155,-22.6052852716429,0.3366890735294119
46.23923,162740.86470588233,-31.476191236911724,0.3366890735294119
46.23923,164787.91960784316,-24.156051604909052,0.3366890735294119
46.23923,166834.97450980393,-30.3645710681835,0.3366890735294119
46.23923,168882.0294117647,-30.858705854776197,0.3366890735294119
46.23923,170929.08431372547,-32.08558187108075,0.3366890735294119
46.23923,172976.13921568624,-25.028973734996335,0.3366890735294119
46.23923,175023.19411764707,-27.37841197129643,0.3366890735294119
46.23923,177070.24901960784,-39.19650330522571,0.3366890735294119
46.23923,179117.3039215686,-23.86359448614976,0.3366890735294119
46.23923,181164.3588235294,-20.82895079696596,0.3366890735294119
46.23923,183211.41372549016,-15.927974603295375,0.3366890735294119
46.23923,185258.468627451,-23.235573276168047,0.3366890735294119
46.23923,187305.52352941176,-21.416436358485093,0.3366890735294119
46.23923,189352.57843137253,-18.14130024957266,0.3366890735294119
46.23923,191399.6333333333,-37.350690871039504,0.3366890735294119
46.23923,193446.68823529413,-26.020157694066917,0.3366890735294119
46.23923,195493.7431372549,-26.373517300968665,0.3366890735294119
46.23923,197540.79803921568,-29.218117038747742,0.3366890735294119
46.23923,199587.85294117645,-27.156403454401463,0.3366890735294119
46.23923,201634.9078431372,-44.28813056860616,0.3366890735294119
46.23923,203681.96274509805,-25.852964996716103,0.3366890735294119
46.23923,205729.0176470588,-34.89866567855074,0.3366890735294119
46.23923,207776.0725490196,-28.184501172329657,0.3366890735294119
46.23923,209823.12745098036,-32.58403622892516,0.3366890735294119
46.23923,211870.1823529412,-32.70739447697865,0.3366890735294119
46.23923,213917.23725490196,-32.412258853764634,0.3366890735294119
46.299628,93140.99803921569,-20.12998736542891,0.3366890735294119
46.299628,95188.05294117646,-26.18860954188918,0.3366890735294119
46.299628,97235.10784313724,-18.383923063583747,0.3366890735294119
46.299628,99282.162745098,-23.67607461329925,0.3366890735294119
46.299628,101329.21764705885,-27.776478209083205,0.3366890735294119
46.299628,103376.2725490196,-35.012910233628524,0.3366890735294119
46.299628,105423.32745098036,-18.206237777221933,0.3366890735294119
46.299628,107470.38235294116,-19.03765491444613,0.3366890735294119
46.299628,109517.43725490198,-16.39025386897297,0.3366890735294119
46.299628,111564.49215686276,-25.912703897115517,0.3366890735294119
46.299628,113611.54705882352,-17.025229113121572,0.3366890735294119
46.299628,115658.60196078428,-18.77535125403624,0.3366890735294119
46.299628,117705.65686274506,-22.88912086879611,0.3366890735294119
46.299628,119752.71176470588,-17.706120486512287,0.3366890735294119
46.299628,121799.76666666666,-17.799434551003998,0.3366890735294119
46.299628,123846.82156862743,-21.74045960290604,0.3366890735294119
46.299628,125893.8764705882,-25.187983302094107,0.3366890735294119
46.299628,127940.93137254904,-11.668470972091027,0.3366890735294119
46.299628,129987.9862745098,3.05523012510582,0.3366890735294119
46.299628,132035.04117647058,0.1329212335851082,0.3366890735294119
46.299628,134082.09607843135,-7.722592630816512,0.3366890735294119
46.299628,136129.15098039212,-16.189995697099494,0.3366890735294119
46.299628,138176.20588235295,-12.607712160661396,0.3366890735294119
46.299628,140223.26078431372,-14.90185378773216,0.3366890735294119
46.299628,142270.3156862745,-16.61458728565635,0.3366890735294119
46.299628,144317.37058823527,-22.457012413681543,0.3366890735294119
46.299628,146364.4254901961,-24.592664466875604,0.3366890735294119
46.299628,148411.48039215687,-26.139884231116955,0.3366890735294119
46.299628,150458.53529411764,-18.24814040831859,0.3366890735294119
46.299628,152505.5901960784,-41.30334529889136,0.3366890735294119
46.299628,154552.64509803918,-22.55858009916082,0.3366890735294119
46.299628,156599.7,-28.57052583493036,0.3366890735294119
46.299628,158646.75490196078,-23.74686491726419,0.3366890735294119
46.299628,160693.80980392155,-22.713180530655023,0.3366890735294119
46.299628,162740.86470588233,-31.210943899824212,0.3366890735294119
46.299628,164787.91960784316,-24.21018703227727,0.3366890735294119
46.299628,166834.97450980393,-24.922068856249258,0.3366890735294119
46.299628,168882.0294117647,-33.27552566025572,0.3366890735294119
46.299628,170929.08431372547,-35.79293376691453,0.3366890735294119
46.299628,172976.13921568624,-25.55718210968832,0.3366890735294119
46.299628,175023.19411764707,-22.66555788331906,0.3366890735294119
46.299628,177070.24901960784,-48.0111603045801,0.3366890735294119
46.299628,179117.3039215686,-24.752785225965745,0.3366890735294119
46.299628,181164.3588235294,-19.328123891628486,0.3366890735294119
46.299628,183211.41372549016,-14.69177404965858,0.3366890735294119
46.299628,185258.468627451,-23.32907458243173,0.3366890735294119
46.299628,187305.52352941176,-21.105493901785923,0.3366890735294119
46.299628,189352.57843137253,-17.768106024724467,0.3366890735294119
46.299628,191399.6333333333,-43.00653950838929,0.3366890735294119
46.299628,193446.68823529413,-27.473512495643934,0.3366890735294119
46.299628,195493.7431372549,-30.605462015021736,0.3366890735294119
46.299628,197540.79803921568,-35.93772614068878,0.3366890735294119
46.299628,199587.85294117645,-36.48572900834139,0.3366890735294119
46.299628,201634.9078431372,-37.39930389020679,0.3366890735294119
46.299628,203681.96274509805,-31.83177550342744,0.3366890735294119
46.299628,205729.0176470588,-37.03346425147934,0.3366890735294119
46.299628,207776.0725490196,-30.670402459856536,0.3366890735294119
46.299628,209823.12745098036,-40.63279210050864,0.3366890735294119
46.299628,211870.1823529412,-33.832942325689594,0.3366890735294119
46.299628,213917.23725490196,-29.767237808813263,0.3366890735294119
46.357659,93140.99803921569,-18.532062625841203,0.3366890735294119
46.357659,95188.05294117646,-27.88427425787531,0.3366890735294119
46.357659,97235.10784313724,-17.459062126709185,0.3366890735294119
46.357659,99282.162745098,-24.177142067079917,0.3366890735294119
46.357659,101329.21764705885,-28.1964361310143,0.3366890735294119
46.357659,103376.2725490196,-32.54454190955744,0.3366890735294119
46.357659,105423.32745098036,-17.300612183098853,0.3366890735294119
46.357659,107470.38235294116,-19.335785597352903,0.3366890735294119
46.357659,109517.43725490198,-15.07798847377124,0.3366890735294119
46.357659,111564.49215686276,-25.081668977811542,0.3366890735294119
46.357659,113611.54705882352,-16.343631792096197,0.3366890735294119
46.357659,115658.60196078428,-18.751129558712776,0.3366890735294119
46.357659,117705.65686274506,-22.063607398607772,0.3366890735294119
46.357659,119752.71176470588,-17.814308324117228,0.3366890735294119
46.357659,121799.76666666666,-18.525846866726702,0.3366890735294119
46.357659,123846.82156862743,-20.840104806483424,0.3366890735294119
46.357659,125893.8764705882,-26.86845791676153,0.3366890735294119
46.357659,127940.93137254904,-11.559201196121784,0.3366890735294119
46.357659,129987.9862745098,3.005153297375782,0.3366890735294119
46.357659,132035.04117647058,-0.0808037203499626,0.3366890735294119
46.357659,134082.09607843135,-7.803936550639356,0.3366890735294119
46.357659,136129.15098039212,-15.732442852526493,0.3366890735294119
46.357659,138176.20588235295,-13.37876633277089,0.3366890735294119
46.357659,140223.26078431372,-14.486707269988948,0.3366890735294119
46.357659,142270.3156862745,-17.511956167712604,0.3366890735294119
46.357659,144317.37058823527,-23.260719081532972,0.3366890735294119
46.357659,146364.4254901961,-26.12605147515424,0.3366890735294119
46.357659,148411.48039215687,-23.564244977133654,0.3366890735294119
46.357659,150458.53529411764,-17.867717532911264,0.3366890735294119
46.357659,152505.5901960784,-35.02086214950715,0.3366890735294119
46.357659,154552.64509803918,-21.809961072278647,0.3366890735294119
46.357659,156599.7,-28.775717888641253,0.3366890735294119
46.357659,158646.75490196078,-23.816159210720453,0.3366890735294119
46.357659,160693.80980392155,-22.515980774085293,0.3366890735294119
46.357659,162740.86470588233,-40.996811355630896,0.3366890735294119
46.357659,164787.91960784316,-23.17677710770316,0.3366890735294119
46.357659,166834.97450980393,-28.037742816591464,0.3366890735294119
46.357659,168882.0294117647,-28.67093585975805,0.3366890735294119
46.357659,170929.08431372547,-32.38387623834101,0.3366890735294119
46.357659,172976.13921568624,-22.766763145190648,0.3366890735294119
46.357659,175023.19411764707,-21.35222435695576,0.3366890735294119
46.357659,177070.24901960784,-38.81511480260436,0.3366890735294119
46.357659,179117.3039215686,-23.209805481412303,0.3366890735294119
46.357659,181164.3588235294,-18.68101585027448,0.3366890735294119
46.357659,183211.41372549016,-17.07951792263829,0.3366890735294119
46.357659,185258.468627451,-20.576061009714532,0.3366890735294119
46.357659,187305.52352941176,-21.436540122540496,0.3366890735294119
46.357659,189352.57843137253,-19.5944267148059,0.3366890735294119
46.357659,191399.6333333333,-38.094678901256174,0.3366890735294119
46.357659,193446.68823529413,-34.7920574089235,0.3366890735294119
46.357659,195493.7431372549,-26.522998266970315,0.3366890735294119
46.357659,197540.79803921568,-32.055821931027005,0.3366890735294119
46.357659,199587.85294117645,-35.147911244605595,0.3366890735294119
46.357659,201634.9078431372,-45.32896586928796,0.3366890735294119
46.357659,203681.96274509805,-26.684384870141727,0.3366890735294119
46.357659,205729.0176470588,-39.103461662588465,0.3366890735294119
46.357659,207776.0725490196,-32.40878165171528,0.3366890735294119
46.357659,209823.12745098036,-32.34835514452786,0.3366890735294119
46.357659,211870.1823529412,-35.32714214906611,0.3366890735294119
46.357659,213917.23725490196,-31.76667145375948,0.3366890735294119
46.425377,93140.99803921569,-25.658941734197903,0.3366890735294119
46.425377,95188.05294117646,-26.495830451589832,0.3366890735294119
46.425377,97235.10784313724,-21.33231877628299,0.3366890735294119
46.425377,99282.162745098,-32.12245356255197,0.3366890735294119
46.425377,101329.21764705885,-29.774173172680474,0.3366890735294119
46.425377,103376.2725490196,-25.119509821556463,0.3366890735294119
46.425377,105423.32745098036,-47.63395416942893,0.3366890735294119
46.425377,107470.38235294116,-26.97595489412092,0.3366890735294119
46.425377,109517.43725490198,-30.47106506107561,0.3366890735294119
46.425377,111564.49215686276,-24.30938884388044,0.3366890735294119
46.425377,113611.54705882352,-20.462318906476952,0.3366890735294119
46.425377,115658.60196078428,-26.85204101294552,0.3366890735294119
46.425377,117705.65686274506,-21.00967816793089,0.3366890735294119
46.425377,119752.71176470588,-23.526217296352332,0.3366890735294119
46.425377,121799.76666666666,-38.35912846877182,0.3366890735294119
46.425377,123846.82156862743,-17.42868869203616,0.3366890735294119
46.425377,125893.8764705882,-16.493728411826847,0.3366890735294119
46.425377,127940.93137254904,-8.501234161257718,0.3366890735294119
46.425377,129987.9862745098,2.0801077628558504,0.3366890735294119
46.425377,132035.04117647058,0.1172104053918283,0.3366890735294119
46.425377,134082.09607843135,-11.230513023497776,0.3366890735294119
46.425377,136129.15098039212,-9.86341690506995,0.3366890735294119
46.425377,138176.20588235295,-11.774064826780217,0.3366890735294119
46.425377,140223.26078431372,-23.62917752697403,0.3366890735294119
46.425377,142270.3156862745,-13.887337704170283,0.3366890735294119
46.425377,144317.37058823527,-26.406733714468224,0.3366890735294119
46.425377,146364.4254901961,-38.68695924351178,0.3366890735294119
46.425377,148411.48039215687,-26.0995070689225,0.3366890735294119
46.425377,150458.53529411764,-18.658491755880597,0.3366890735294119
46.425377,152505.5901960784,-38.71702563998728,0.3366890735294119
46.425377,154552.64509803918,-20.571242100351217,0.3366890735294119
46.425377,156599.7,-21.903908292804157,0.3366890735294119
46.425377,158646.75490196078,-30.075609037265085,0.3366890735294119
46.425377,160693.80980392155,-21.57342392933068,0.3366890735294119
46.425377,162740.86470588233,-34.95430902318859,0.3366890735294119
46.425377,164787.91960784316,-26.093497353257742,0.3366890735294119
46.425377,166834.97450980393,-27.977413999755328,0.3366890735294119
46.425377,168882.0294117647,-39.36154206952355,0.3366890735294119
46.425377,170929.08431372547,-30.410659746704596,0.3366890735294119
46.425377,172976.13921568624,-33.84937068285038,0.3366890735294119
46.425377,175023.19411764707,-28.328632550023983,0.3366890735294119
46.425377,177070.24901960784,-26.75464864787051,0.3366890735294119
46.425377,179117.3039215686,-34.98325233840265,0.3366890735294119
46.425377,181164.3588235294,-22.632676187225226,0.3366890735294119
46.425377,183211.41372549016,-18.80403214463087,0.3366890735294119
46.425377,185258.468627451,-23.608543351495697,0.3366890735294119
46.425377,187305.52352941176,-33.519708727663264,0.3366890735294119
46.425377,189352.57843137253,-20.66906847636103,0.3366890735294119
46.425377,191399.6333333333,-23.91883957417875,0.3366890735294119
46.425377,193446.68823529413,-28.742521003654552,0.3366890735294119
46.425377,195493.7431372549,-39.551558480502074,0.3366890735294119
46.425377,197540.79803921568,-30.748871547792923,0.3366890735294119
46.425377,199587.85294117645,-40.12018867686149,0.3366890735294119
46.425377,201634.9078431372,-30.753767904111587,0.3366890735294119
46.425377,203681.96274509805,-31.15970953131903,0.3366890735294119
46.425377,205729.0176470588,-42.36272447779928,0.3366890735294119
46.425377,207776.0725490196,-29.106545056821066,0.3366890735294119
46.425377,209823.12745098036,-29.728231930694488,0.3366890735294119
46.425377,211870.1823529412,-29.207337140310937,0.3366890735294119
46.425377,213917.23725490196,-27.87865041054674,0.3366890735294119
46.486088,93140.99803921569,-19.739367500113794,0.3366890735294119
46.486088,95188.05294117646,-28.18163529638927,0.3366890735294119
46.486088,97235.10784313724,-17.6255991630098,0.3366890735294119
46.486088,99282.162745098,-28.32779435898754,0.3366890735294119
46.486088,101329.21764705885,-27.52296857114561,0.3366890735294119
46.486088,103376.2725490196,-27.075397606309625,0.3366890735294119
46.486088,105423.32745098036,-17.254017225248695,0.3366890735294119
46.486088,107470.38235294116,-19.12100753152035,0.3366890735294119
46.486088,109517.43725490198,-15.341166276748568,0.3366890735294119
46.486088,111564.49215686276,-25.360179983253374,0.3366890735294119
46.486088,113611.54705882352,-16.35082621693234,0.3366890735294119
46.486088,115658.60196078428,-19.23427942898361,0.3366890735294119
46.486088,117705.65686274506,-22.527161535630608,0.3366890735294119
46.486088,119752.71176470588,-17.53894794771799,0.3366890735294119
46.486088,121799.76666666666,-17.86361705361017,0.3366890735294119
46.486088,123846.82156862743,-20.538746216034536,0.3366890735294119
46.486088,125893.8764705882,-27.719873203514943,0.3366890735294119
46.486088,127940.93137254904,-11.238446269130442,0.3366890735294119
46.486088,129987.9862745098,3.020970868824863,0.3366890735294119
46.486088,132035.04117647058,-0.1453643343801507,0.3366890735294119
46.486088,134082.09607843135,-7.525239964764579,0.3366890735294119
46.486088,136129.15098039212,-15.407890417360372,0.3366890735294119
46.486088,138176.20588235295,-13.597982360625,0.3366890735294119
46.486088,140223.26078431372,-15.034605142571762,0.3366890735294119
46.486088,142270.3156862745,-16.690959579831844,0.3366890735294119
46.486088,144317.37058823527,-24.90802050824523,0.3366890735294119
46.486088,146364.4254901961,-25.84501103549737,0.3366890735294119
46.486088,148411.48039215687,-23.60387313079842,0.3366890735294119
46.486088,150458.53529411764,-17.554988216558527,0.3366890735294119
46.486088,152505.5901960784,-35.16728115865743,0.3366890735294119
46.486088,154552.64509803918,-21.70349628291343,0.3366890735294119
46.486088,156599.7,-33.531878106787076,0.3366890735294119
46.486088,158646.75490196078,-24.199308456406143,0.3366890735294119
46.486088,160693.80980392155,-22.166714035530607,0.3366890735294119
46.486088,162740.86470588233,-42.42839962052197,0.3366890735294119
46.486088,164787.91960784316,-23.109997340590624,0.3366890735294119
46.486088,166834.97450980393,-27.197024809019045,0.3366890735294119
46.486088,168882.0294117647,-38.14233818268177,0.3366890735294119
46.486088,170929.08431372547,-47.233389677956474,0.3366890735294119
46.486088,172976.13921568624,-24.034065422909844,0.3366890735294119
46.486088,175023.19411764707,-21.548009799955288,0.3366890735294119
46.486088,177070.24901960784,-32.973091611417885,0.3366890735294119
46.486088,179117.3039215686,-23.74688256925176,0.3366890735294119
46.486088,181164.3588235294,-17.62854387637185,0.3366890735294119
46.486088,183211.41372549016,-15.14237045433049,0.3366890735294119
46.486088,185258.468627451,-22.1594989870221,0.3366890735294119
46.486088,187305.52352941176,-19.99029015747025,0.3366890735294119
46.486088,189352.57843137253,-17.90387747248795,0.3366890735294119
46.486088,191399.6333333333,-40.8695457073523,0.3366890735294119
46.486088,193446.68823529413,-29.0062405429097,0.3366890735294119
46.486088,195493.7431372549,-27.33525674900146,0.3366890735294119
46.486088,197540.79803921568,-26.035198177674456,0.3366890735294119
46.486088,199587.85294117645,-30.116956543026863,0.3366890735294119
46.486088,201634.9078431372,-50.76636373810325,0.3366890735294119
46.486088,203681.96274509805,-25.64896667148025,0.3366890735294119
46.486088,205729.0176470588,-34.54970294720429,0.3366890735294119
46.486088,207776.0725490196,-30.273853215176377,0.3366890735294119
46.486088,209823.12745098036,-31.57000722719665,0.3366890735294119
46.486088,211870.1823529412,-33.62985788224365,0.3366890735294119
46.486088,213917.23725490196,-31.973496252700745,0.3366890735294119
46.542776,93140.99803921569,-18.746356330147343,0.3366890735294119
46.542776,95188.05294117646,-25.61054540241673,0.3366890735294119
46.542776,97235.10784313724,-18.340008159103473,0.3366890735294119
46.542776,99282.162745098,-23.14232756658443,0.3366890735294119
46.542776,101329.21764705885,-25.87271699679713,0.3366890735294119
46.542776,103376.2725490196,-35.295823560155156,0.3366890735294119
46.542776,105423.32745098036,-16.462637247189555,0.3366890735294119
46.542776,107470.38235294116,-18.464643355859284,0.3366890735294119
46.542776,109517.43725490198,-14.94549788063971,0.3366890735294119
46.542776,111564.49215686276,-26.581834754572505,0.3366890735294119
46.542776,113611.54705882352,-16.06960007421132,0.3366890735294119
46.542776,115658.60196078428,-18.648712263118433,0.3366890735294119
46.542776,117705.65686274506,-25.54243146291914,0.3366890735294119
46.542776,119752.71176470588,-18.044700155736116,0.3366890735294119
46.542776,121799.76666666666,-17.822005297147555,0.3366890735294119
46.542776,123846.82156862743,-20.98682585031711,0.3366890735294119
46.542776,125893.8764705882,-32.98207476051234,0.3366890735294119
46.542776,127940.93137254904,-10.442931493340645,0.3366890735294119
46.542776,129987.9862745098,2.8834257370326455,0.3366890735294119
46.542776,132035.04117647058,-0.3583130757433066,0.3366890735294119
46.542776,134082.09607843135,-7.885938517381907,0.3366890735294119
46.542776,136129.15098039212,-15.954527989358114,0.3366890735294119
46.542776,138176.20588235295,-13.43309305935823,0.3366890735294119
46.542776,140223.26078431372,-15.583137119771877,0.3366890735294119
46.542776,142270.3156862745,-16.144090461899157,0.3366890735294119
46.542776,144317.37058823527,-24.975727299647605,0.3366890735294119
46.542776,146364.4254901961,-25.68893472379234,0.3366890735294119
46.542776,148411.48039215687,-25.837118262519883,0.3366890735294119
46.542776,150458.53529411764,-18.45796794923708,0.3366890735294119
46.542776,152505.5901960784,-32.144841561951935,0.3366890735294119
46.542776,154552.64509803918,-23.079216888863897,0.3366890735294119
46.542776,156599.7,-26.095647336265884,0.3366890735294119
46.542776,158646.75490196078,-23.221222010966613,0.3366890735294119
46.542776,160693.80980392155,-21.582749964806517,0.3366890735294119
46.542776,162740.86470588233,-30.417380727958378,0.3366890735294119
46.542776,164787.91960784316,-23.6488864418535,0.3366890735294119
46.542776,166834.97450980393,-22.051640715858262,0.3366890735294119
46.542776,168882.0294117647,-37.68224159688327,0.3366890735294119
46.542776,170929.08431372547,-37.861157863317665,0.3366890735294119
46.542776,172976.13921568624,-22.49355429387051,0.3366890735294119
46.542776,175023.19411764707,-20.691954203329264,0.3366890735294119
46.542776,177070.24901960784,-35.32151809283201,0.3366890735294119
46.542776,179117.3039215686,-22.14916705825352,0.3366890735294119
46.542776,181164.3588235294,-18.54584065331375,0.3366890735294119
46.542776,183211.41372549016,-14.78283438809733,0.3366890735294119
46.542776,185258.468627451,-22.859583647332883,0.3366890735294119
46.542776,187305.52352941176,-19.61030712102646,0.3366890735294119
46.542776,189352.57843137253,-16.962570989809077,0.3366890735294119
46.542776,191399.6333333333,-39.1411810393652,0.3366890735294119
46.542776,193446.68823529413,-26.30884742576622,0.3366890735294119
46.542776,195493.7431372549,-24.940009908662823,0.3366890735294119
46.542776,197540.79803921568,-33.34482994637264,0.3366890735294119
46.542776,199587.85294117645,-36.214456557366375,0.3366890735294119
46.542776,201634.9078431372,-30.504777495398336,0.3366890735294119
46.542776,203681.96274509805,-26.269510155045293,0.3366890735294119
46.542776,205729.0176470588,-68.0069046493662,0.3366890735294119
46.542776,207776.0725490196,-31.590581348943672,0.3366890735294119
46.542776,209823.12745098036,-29.21347707940839,0.3366890735294119
46.542776,211870.1823529412,-33.22264154285932,0.3366890735294119
46.542776,213917.23725490196,-25.55615232106408,0.3366890735294119
46.611176,93140.99803921569,-19.33934892441387,0.3366890735294119
46.611176,95188.05294117646,-27.814675300260568,0.3366890735294119
46.611176,97235.10784313724,-18.23694597340642,0.3366890735294119
46.611176,99282.162745098,-24.57693983462788,0.3366890735294119
46.611176,101329.21764705885,-24.36214970269703,0.3366890735294119
46.611176,103376.2725490196,-48.88871048423294,0.3366890735294119
46.611176,105423.32745098036,-16.537856051165512,0.3366890735294119
46.611176,107470.38235294116,-18.60471335842814,0.3366890735294119
46.611176,109517.43725490198,-15.37118563599675,0.3366890735294119
46.611176,111564.49215686276,-29.67084678631494,0.3366890735294119
46.611176,113611.54705882352,-17.000133434814252,0.3366890735294119
46.611176,115658.60196078428,-19.225152840244597,0.3366890735294119
46.611176,117705.65686274506,-25.15062222139064,0.3366890735294119
46.611176,119752.71176470588,-17.8559510791382,0.3366890735294119
46.611176,121799.76666666666,-19.746783810795986,0.3366890735294119
46.611176,123846.82156862743,-21.112469690501054,0.3366890735294119
46.611176,125893.8764705882,-36.9787804406544,0.3366890735294119
46.611176,127940.93137254904,-10.18691500996736,0.3366890735294119
46.611176,129987.9862745098,2.8115678756698785,0.3366890735294119
46.611176,132035.04117647058,-0.4409464890681237,0.3366890735294119
46.611176,134082.09607843135,-7.877108417461661,0.3366890735294119
46.611176,136129.15098039212,-16.006572461026018,0.3366890735294119
46.611176,138176.20588235295,-13.87013299700899,0.3366890735294119
46.611176,140223.26078431372,-15.324597129952364,0.3366890735294119
46.611176,142270.3156862745,-15.98231465469668,0.3366890735294119
46.611176,144317.37058823527,-23.41581061293691,0.3366890735294119
46.611176,146364.4254901961,-28.23171604828675,0.3366890735294119
46.611176,148411.48039215687,-24.368323810892814,0.3366890735294119
46.611176,150458.53529411764,-18.16365701533441,0.3366890735294119
46.611176,152505.5901960784,-31.944553853557316,0.3366890735294119
46.611176,154552.64509803918,-21.604031293420828,0.3366890735294119
46.611176,156599.7,-28.54978996105402,0.3366890735294119
46.611176,158646.75490196078,-21.73880822653868,0.3366890735294119
46.611176,160693.80980392155,-23.246464916744788,0.3366890735294119
46.611176,162740.86470588233,-36.427028165818875,0.3366890735294119
46.611176,164787.91960784316,-23.408583984961627,0.3366890735294119
46.611176,166834.97450980393,-21.61214652711662,0.3366890735294119
46.611176,168882.0294117647,-37.39800280160401,0.3366890735294119
46.611176,170929.08431372547,-30.314975216081592,0.3366890735294119
46.611176,172976.13921568624,-21.72276012319984,0.3366890735294119
46.611176,175023.19411764707,-19.76205493084681,0.3366890735294119
46.611176,177070.24901960784,-30.240395868612534,0.3366890735294119
46.611176,179117.3039215686,-22.540364121436273,0.3366890735294119
46.611176,181164.3588235294,-17.028205385571784,0.3366890735294119
46.611176,183211.41372549016,-14.27595377572047,0.3366890735294119
46.611176,185258.468627451,-20.525532993964937,0.3366890735294119
46.611176,187305.52352941176,-19.38282302555287,0.3366890735294119
46.611176,189352.57843137253,-17.485248180600212,0.3366890735294119
46.611176,191399.6333333333,-43.6065667755983,0.3366890735294119
46.611176,193446.68823529413,-26.93426555435633,0.3366890735294119
46.611176,195493.7431372549,-28.88797676026321,0.3366890735294119
46.611176,197540.79803921568,-32.76523803539496,0.3366890735294119
46.611176,199587.85294117645,-35.252788347827234,0.3366890735294119
46.611176,201634.9078431372,-32.477192637887946,0.3366890735294119
46.611176,203681.96274509805,-28.10260660697655,0.3366890735294119
46.611176,205729.0176470588,-36.881073671320635,0.3366890735294119
46.611176,207776.0725490196,-31.03806791723038,0.3366890735294119
46.611176,209823.12745098036,-28.537833302475587,0.3366890735294119
46.611176,211870.1823529412,-36.2806052168143,0.3366890735294119
46.611176,213917.23725490196,-24.296260071490593,0.3366890735294119
46.685315,93140.99803921569,-19.341184540784024,0.3366890735294119
46.685315,95188.05294117646,-24.906896744563447,0.3366890735294119
46.685315,97235.10784313724,-17.41289643978812,0.3366890735294119
46.685315,99282.162745098,-23.787814574013986,0.3366890735294119
46.685315,101329.21764705885,-21.969719227341237,0.3366890735294119
46.685315,103376.2725490196,-36.07318926372421,0.3366890735294119
46.685315,105423.32745098036,-15.599327446986102,0.3366890735294119
46.685315,107470.38235294116,-18.6670137920334,0.3366890735294119
46.685315,109517.43725490198,-14.87700397736238,0.3366890735294119
46.685315,111564.49215686276,-38.035079762411875,0.3366890735294119
46.685315,113611.54705882352,-17.2091692161209,0.3366890735294119
46.685315,115658.60196078428,-20.355546630353363,0.3366890735294119
46.685315,117705.65686274506,-26.756601151851683,0.3366890735294119
46.685315,119752.71176470588,-17.232674293632606,0.3366890735294119
46.685315,121799.76666666666,-20.05612987571898,0.3366890735294119
46.685315,123846.82156862743,-19.956982309140855,0.3366890735294119
46.685315,125893.8764705882,-38.12076788056204,0.3366890735294119
46.685315,127940.93137254904,-9.501167372571564,0.3366890735294119
46.685315,129987.9862745098,2.6813695473459287,0.3366890735294119
46.685315,132035.04117647058,-0.8275124459457611,0.3366890735294119
46.685315,134082.09607843135,-7.742435315063262,0.3366890735294119
46.685315,136129.15098039212,-15.20737234002996,0.3366890735294119
46.685315,138176.20588235295,-15.28714706085198,0.3366890735294119
46.685315,140223.26078431372,-14.567734607694184,0.3366890735294119
46.685315,142270.3156862745,-15.395759195178304,0.3366890735294119
46.685315,144317.37058823527,-24.911787851672763,0.3366890735294119
46.685315,146364.4254901961,-30.310610347631485,0.3366890735294119
46.685315,148411.48039215687,-22.848768569558537,0.3366890735294119
46.685315,150458.53529411764,-17.973777274086373,0.3366890735294119
46.685315,152505.5901960784,-26.65464199417584,0.3366890735294119
46.685315,154552.64509803918,-19.984679972623137,0.3366890735294119
46.685315,156599.7,-28.65563789545852,0.3366890735294119
46.685315,158646.75490196078,-22.156612621557095,0.3366890735294119
46.685315,160693.80980392155,-25.017813689682413,0.3366890735294119
46.685315,162740.86470588233,-36.94257272918975,0.3366890735294119
46.685315,164787.91960784316,-22.474968039938865,0.3366890735294119
46.685315,166834.97450980393,-22.732510471460277,0.3366890735294119
46.685315,168882.0294117647,-36.94299051367971,0.3366890735294119
46.685315,170929.08431372547,-31.83447712621318,0.3366890735294119
46.685315,172976.13921568624,-20.594636738999164,0.3366890735294119
46.685315,175023.19411764707,-20.28299940588946,0.3366890735294119
46.685315,177070.24901960784,-25.615165695647462,0.3366890735294119
46.685315,179117.3039215686,-21.684298451148493,0.3366890735294119
46.685315,181164.3588235294,-16.645672175041963,0.3366890735294119
46.685315,183211.41372549016,-13.873958108702702,0.3366890735294119
46.685315,185258.468627451,-20.22350060535488,0.3366890735294119
46.685315,187305.52352941176,-19.25965448826423,0.3366890735294119
46.685315,189352.57843137253,-17.65661529022525,0.3366890735294119
46.685315,191399.6333333333,-52.15784522752233,0.3366890735294119
46.685315,193446.68823529413,-24.69202471877739,0.3366890735294119
46.685315,195493.7431372549,-30.758756894901076,0.3366890735294119
46.685315,197540.79803921568,-29.01592632754837,0.3366890735294119
46.685315,199587.85294117645,-31.791195183438425,0.3366890735294119
46.685315,201634.9078431372,-32.35040022393433,0.3366890735294119
46.685315,203681.96274509805,-25.624950519854305,0.3366890735294119
46.685315,205729.0176470588,-34.31367196726966,0.3366890735294119
46.685315,207776.0725490196,-31.286296816049063,0.3366890735294119
46.685315,209823.12745098036,-27.13151254093443,0.3366890735294119
46.685315,211870.1823529412,-33.87516375197702,0.3366890735294119
46.685315,213917.23725490196,-22.7690190268307,0.3366890735294119
46.748875,93140.99803921569,-21.349443639874437,0.3366890735294119
46.748875,95188.05294117646,-23.58480177768284,0.3366890735294119
46.748875,97235.10784313724,-17.454347836645955,0.3366890735294119
46.748875,99282.162745098,-22.371922359320248,0.3366890735294119
46.748875,101329.21764705885,-20.750378780099567,0.3366890735294119
46.748875,103376.2725490196,-32.95378960878792,0.3366890735294119
46.748875,105423.32745098036,-14.879232849715988,0.3366890735294119
46.748875,107470.38235294116,-18.39242047035856,0.3366890735294119
46.748875,109517.43725490198,-14.167259274104149,0.3366890735294119
46.748875,111564.49215686276,-38.76865124284197,0.3366890735294119
46.748875,113611.54705882352,-17.80178738055849,0.3366890735294119
46.748875,115658.60196078428,-21.09477839974444,0.3366890735294119
46.748875,117705.65686274506,-40.67646863120494,0.3366890735294119
46.748875,119752.71176470588,-17.176515925667957,0.3366890735294119
46.748875,121799.76666666666,-18.145883966350283,0.3366890735294119
46.748875,123846.82156862743,-18.13884515781312,0.3366890735294119
46.748875,125893.8764705882,-33.50531025554811,0.3366890735294119
46.748875,127940.93137254904,-8.386221419935806,0.3366890735294119
46.748875,129987.9862745098,2.4806053402397343,0.3366890735294119
46.748875,132035.04117647058,-1.1884399154937668,0.3366890735294119
46.748875,134082.09607843135,-8.000004058803299,0.3366890735294119
46.748875,136129.15098039212,-15.210975745156638,0.3366890735294119
46.748875,138176.20588235295,-16.172940227996,0.3366890735294119
46.748875,140223.26078431372,-14.831644723193602,0.3366890735294119
46.748875,142270.3156862745,-15.05816780984194,0.3366890735294119
46.748875,144317.37058823527,-25.925818202683782,0.3366890735294119
46.748875,146364.4254901961,-25.912761787791432,0.3366890735294119
46.748875,148411.48039215687,-23.10832137666793,0.3366890735294119
46.748875,150458.53529411764,-20.433474094196207,0.3366890735294119
46.748875,152505.5901960784,-24.12468476993001,0.3366890735294119
46.748875,154552.64509803918,-21.752983769835097,0.3366890735294119
46.748875,156599.7,-27.6417801559562,0.3366890735294119
46.748875,158646.75490196078,-23.549098607062543,0.3366890735294119
46.748875,160693.80980392155,-28.701760862471875,0.3366890735294119
46.748875,162740.86470588233,-33.241743220042686,0.3366890735294119
46.748875,164787.91960784316,-22.67469784647122,0.3366890735294119
46.748875,166834.97450980393,-23.60520694476447,0.3366890735294119
46.748875,168882.0294117647,-28.059489706772393,0.3366890735294119
46.748875,170929.08431372547,-55.72082601623593,0.3366890735294119
46.748875,172976.13921568624,-19.49322305089421,0.3366890735294119
46.748875,175023.19411764707,-20.16920498935655,0.3366890735294119
46.748875,177070.24901960784,-22.017557219385452,0.3366890735294119
46.748875,179117.3039215686,-20.37584555901539,0.3366890735294119
46.748875,181164.3588235294,-15.893344494853308,0.3366890735294119
46.748875,183211.41372549016,-12.8203090069844,0.3366890735294119
46.748875,185258.468627451,-21.11185827116354,0.3366890735294119
46.748875,187305.52352941176,-17.64150836572796,0.3366890735294119
46.748875,189352.57843137253,-16.531780366489603,0.3366890735294119
46.748875,191399.6333333333,-37.43920044965843,0.3366890735294119
46.748875,193446.68823529413,-20.58243688364218,0.3366890735294119
46.748875,195493.7431372549,-28.568104913269288,0.3366890735294119
46.748875,197540.79803921568,-26.79956574175922,0.3366890735294119
46.748875,199587.85294117645,-30.329949390934047,0.3366890735294119
46.748875,201634.9078431372,-31.960439778442517,0.3366890735294119
46.748875,203681.96274509805,-26.458998690179794,0.3366890735294119
46.748875,205729.0176470588,-33.945947211868265,0.3366890735294119
46.748875,207776.0725490196,-30.548673638925,0.3366890735294119
46.748875,209823.12745098036,-29.260038204778628,0.3366890735294119
46.748875,211870.1823529412,-33.327666768875815,0.3366890735294119
46.748875,213917.23725490196,-21.099146778349947,0.3366890735294119
46.80565,93140.99803921569,-22.763653314446714,0.3366890735294119
46.80565,95188.05294117646,-22.16165461733616,0.3366890735294119
46.80565,97235.10784313724,-18.5451890183526,0.3366890735294119
46.80565,99282.162745098,-24.016409988888068,0.3366890735294119
46.80565,101329.21764705885,-19.445331056454272,0.3366890735294119
46.80565,103376.2725490196,-44.896640262623706,0.3366890735294119
46.80565,105423.32745098036,-15.18251130986618,0.3366890735294119
46.80565,107470.38235294116,-18.604080689375536,0.3366890735294119
46.80565,109517.43725490198,-14.668450018184403,0.3366890735294119
46.80565,111564.49215686276,-36.426486109772235,0.3366890735294119
46.80565,113611.54705882352,-17.132150521549057,0.3366890735294119
46.80565,115658.60196078428,-22.72144239479428,0.3366890735294119
46.80565,117705.65686274506,-47.40021292312545,0.3366890735294119
46.80565,119752.71176470588,-16.21719481502522,0.3366890735294119
46.80565,121799.76666666666,-17.473396713006018,0.3366890735294119
46.80565,123846.82156862743,-16.78952358566267,0.3366890735294119
46.80565,125893.8764705882,-35.18909035656815,0.3366890735294119
46.80565,127940.93137254904,-8.295901913344235,0.3366890735294119
46.80565,129987.9862745098,2.4639110598186846,0.3366890735294119
46.80565,132035.04117647058,-1.0958441292371088,0.3366890735294119
46.80565,134082.09607843135,-7.928276080518152,0.3366890735294119
46.80565,136129.15098039212,-14.802283932137696,0.3366890735294119
46.80565,138176.20588235295,-17.067014512099515,0.3366890735294119
46.80565,140223.26078431372,-14.420489218027624,0.3366890735294119
46.80565,142270.3156862745,-15.648961271818717,0.3366890735294119
46.80565,144317.37058823527,-27.756756427516027,0.3366890735294119
46.80565,146364.4254901961,-26.159351563333303,0.3366890735294119
46.80565,148411.48039215687,-22.4293163425683,0.3366890735294119
46.80565,150458.53529411764,-18.62497450411456,0.3366890735294119
46.80565,152505.5901960784,-24.962027093721776,0.3366890735294119
46.80565,154552.64509803918,-21.331549996218055,0.3366890735294119
46.80565,156599.7,-27.184137679106065,0.3366890735294119
46.80565,158646.75490196078,-27.08878154046004,0.3366890735294119
46.80565,160693.80980392155,-27.269600198415116,0.3366890735294119
46.80565,162740.86470588233,-31.84626844591191,0.3366890735294119
46.80565,164787.91960784316,-22.665362504986497,0.3366890735294119
46.80565,166834.97450980393,-25.13069008331368,0.3366890735294119
46.80565,168882.0294117647,-27.781106177492248,0.3366890735294119
46.80565,170929.08431372547,-33.04606012177036,0.3366890735294119
46.80565,172976.13921568624,-20.370314110443495,0.3366890735294119
46.80565,175023.19411764707,-21.372097254172825,0.3366890735294119
46.80565,177070.24901960784,-21.872741864902583,0.3366890735294119
46.80565,179117.3039215686,-21.11797036137125,0.3366890735294119
46.80565,181164.3588235294,-16.12168706580349,0.3366890735294119
46.80565,183211.41372549016,-13.069452788268013,0.3366890735294119
46.80565,185258.468627451,-22.107375224974824,0.3366890735294119
46.80565,187305.52352941176,-17.28292771757402,0.3366890735294119
46.80565,189352.57843137253,-15.851069341529389,0.3366890735294119
46.80565,191399.6333333333,-37.268909997615594,0.3366890735294119
46.80565,193446.68823529413,-19.635442020574224,0.3366890735294119
46.80565,195493.7431372549,-29.49678785310496,0.3366890735294119
46.80565,197540.79803921568,-26.02552146783154,0.3366890735294119
46.80565,199587.85294117645,-27.538679514398332,0.3366890735294119
46.80565,201634.9078431372,-34.68489400424927,0.3366890735294119
46.80565,203681.96274509805,-23.92693953711042,0.3366890735294119
46.80565,205729.0176470588,-30.798596148762183,0.3366890735294119
46.80565,207776.0725490196,-29.552254517142767,0.3366890735294119
46.80565,209823.12745098036,-28.12585274586686,0.3366890735294119
46.80565,211870.1823529412,-36.44241848544917,0.3366890735294119
46.80565,213917.23725490196,-22.87571491330454,0.3366890735294119
46.866062,93140.99803921569,-20.340676876444192,0.3366890735294119
46.866062,95188.05294117646,-24.680092015199936,0.3366890735294119
46.866062,97235.10784313724,-17.591471869968927,0.3366890735294119
46.866062,99282.162745098,-23.669363438444663,0.3366890735294119
46.866062,101329.21764705885,-21.64530974047796,0.3366890735294119
46.866062,103376.2725490196,-45.702255608811,0.3366890735294119
46.866062,105423.32745098036,-15.231574964180783,0.3366890735294119
46.866062,107470.38235294116,-18.521247798667027,0.3366890735294119
46.866062,109517.43725490198,-14.542682548983487,0.3366890735294119
46.866062,111564.49215686276,-36.704925418533904,0.3366890735294119
46.866062,113611.54705882352,-16.7289482247743,0.3366890735294119
46.866062,115658.60196078428,-21.732421514501297,0.3366890735294119
46.866062,117705.65686274506,-31.920860798778996,0.3366890735294119
46.866062,119752.71176470588,-16.259627377417125,0.3366890735294119
46.866062,121799.76666666666,-18.21613098908151,0.3366890735294119
46.866062,123846.82156862743,-18.059767310532344,0.3366890735294119
46.866062,125893.8764705882,-48.996837660189094,0.3366890735294119
46.866062,127940.93137254904,-8.856454005937893,0.3366890735294119
46.866062,129987.9862745098,2.5409914602182004,0.3366890735294119
46.866062,132035.04117647058,-0.8773448498928691,0.3366890735294119
46.866062,134082.09607843135,-7.768074292708968,0.3366890735294119
46.866062,136129.15098039212,-14.94593706842242,0.3366890735294119
46.866062,138176.20588235295,-16.45808291869598,0.3366890735294119
46.866062,140223.26078431372,-13.967380994388474,0.3366890735294119
46.866062,142270.3156862745,-15.558599534596455,0.3366890735294119
46.866062,144317.37058823527,-29.178194613013243,0.3366890735294119
46.866062,146364.4254901961,-26.693670334106542,0.3366890735294119
46.866062,148411.48039215687,-22.03973316269019,0.3366890735294119
46.866062,150458.53529411764,-18.45929961705725,0.3366890735294119
46.866062,152505.5901960784,-26.025043959200595,0.3366890735294119
46.866062,154552.64509803918,-20.900915904607036,0.3366890735294119
46.866062,156599.7,-27.045044178499555,0.3366890735294119
46.866062,158646.75490196078,-26.435227839490643,0.3366890735294119
46.866062,160693.80980392155,-25.49523496101866,0.3366890735294119
46.866062,162740.86470588233,-38.1187607559258,0.3366890735294119
46.866062,164787.91960784316,-22.26346471219234,0.3366890735294119
46.866062,166834.97450980393,-25.58459740743261,0.3366890735294119
46.866062,168882.0294117647,-30.10300203084258,0.3366890735294119
46.866062,170929.08431372547,-36.326764208349715,0.3366890735294119
46.866062,172976.13921568624,-20.232187087588965,0.3366890735294119
46.866062,175023.19411764707,-21.903599776174207,0.3366890735294119
46.866062,177070.24901960784,-22.563459766574844,0.3366890735294119
46.866062,179117.3039215686,-21.353747364856687,0.3366890735294119
46.866062,181164.3588235294,-17.149511901787964,0.3366890735294119
46.866062,183211.41372549016,-14.163145232656436,0.3366890735294119
46.866062,185258.468627451,-22.039562825457075,0.3366890735294119
46.866062,187305.52352941176,-18.236412629497085,0.3366890735294119
46.866062,189352.57843137253,-16.495231522518047,0.3366890735294119
46.866062,191399.6333333333,-47.9516164809598,0.3366890735294119
46.866062,193446.68823529413,-19.89554301906579,0.3366890735294119
46.866062,195493.7431372549,-30.26783928421819,0.3366890735294119
46.866062,197540.79803921568,-25.223740438321,0.3366890735294119
46.866062,199587.85294117645,-28.79150503505331,0.3366890735294119
46.866062,201634.9078431372,-39.1185249756535,0.3366890735294119
46.866062,203681.96274509805,-23.14745957902919,0.3366890735294119
46.866062,205729.0176470588,-30.865652561472565,0.3366890735294119
46.866062,207776.0725490196,-29.256501613495,0.3366890735294119
46.866062,209823.12745098036,-29.117532105259,0.3366890735294119
46.866062,211870.1823529412,-32.43862907698093,0.3366890735294119
46.866062,213917.23725490196,-23.97549379730549,0.3366890735294119
46.923927,93140.99803921569,-20.815840587102507,0.3366890735294119
46.923927,95188.05294117646,-23.738342239425535,0.3366890735294119
46.923927,97235.10784313724,-19.52676512946849,0.3366890735294119
46.923927,99282.162745098,-24.056212050857432,0.3366890735294119
46.923927,101329.21764705885,-21.680525313072884,0.3366890735294119
46.923927,103376.2725490196,-41.899429265421674,0.3366890735294119
46.923927,105423.32745098036,-15.387211904592553,0.3366890735294119
46.923927,107470.38235294116,-18.059218420670756,0.3366890735294119
46.923927,109517.43725490198,-15.469461366042683,0.3366890735294119
46.923927,111564.49215686276,-29.38768317125792,0.3366890735294119
46.923927,113611.54705882352,-16.42200067962994,0.3366890735294119
46.923927,115658.60196078428,-21.120583964081348,0.3366890735294119
46.923927,117705.65686274506,-31.020576341316183,0.3366890735294119
46.923927,119752.71176470588,-16.655013745230242,0.3366890735294119
46.923927,121799.76666666666,-18.292073343404933,0.3366890735294119
46.923927,123846.82156862743,-19.189022048508537,0.3366890735294119
46.923927,125893.8764705882,-37.416725734469296,0.3366890735294119
46.923927,127940.93137254904,-9.766154837966685,0.3366890735294119
46.923927,129987.9862745098,2.675957445657084,0.3366890735294119
46.923927,132035.04117647058,-0.4120084910531362,0.3366890735294119
46.923927,134082.09607843135,-7.767307725608913,0.3366890735294119
46.923927,136129.15098039212,-15.230869702565286,0.3366890735294119
46.923927,138176.20588235295,-14.40190435558434,0.3366890735294119
46.923927,140223.26078431372,-14.631792266435104,0.3366890735294119
46.923927,142270.3156862745,-15.01055668945024,0.3366890735294119
46.923927,144317.37058823527,-25.983089505627255,0.3366890735294119
46.923927,146364.4254901961,-26.20351199829196,0.3366890735294119
46.923927,148411.48039215687,-25.01021419266283,0.3366890735294119
46.923927,150458.53529411764,-18.19871858196508,0.3366890735294119
46.923927,152505.5901960784,-28.24780762073214,0.3366890735294119
46.923927,154552.64509803918,-20.89708818912853,0.3366890735294119
46.923927,156599.7,-30.592123002420607,0.3366890735294119
46.923927,158646.75490196078,-22.631949255343248,0.3366890735294119
46.923927,160693.80980392155,-23.67155464377803,0.3366890735294119
46.923927,162740.86470588233,-36.42286242003787,0.3366890735294119
46.923927,164787.91960784316,-24.122850866009596,0.3366890735294119
46.923927,166834.97450980393,-22.065854271722888,0.3366890735294119
46.923927,168882.0294117647,-31.146216548411793,0.3366890735294119
46.923927,170929.08431372547,-35.82979976852569,0.3366890735294119
46.923927,172976.13921568624,-21.133541452184545,0.3366890735294119
46.923927,175023.19411764707,-21.82084020402879,0.3366890735294119
46.923927,177070.24901960784,-26.011247817119315,0.3366890735294119
46.923927,179117.3039215686,-23.466252167300592,0.3366890735294119
46.923927,181164.3588235294,-17.338877441825385,0.3366890735294119
46.923927,183211.41372549016,-13.82603517134928,0.3366890735294119
46.923927,185258.468627451,-24.284782154462555,0.3366890735294119
46.923927,187305.52352941176,-19.611719483043935,0.3366890735294119
46.923927,189352.57843137253,-16.384616864677117,0.3366890735294119
46.923927,191399.6333333333,-47.01982069921928,0.3366890735294119
46.923927,193446.68823529413,-21.681184013551373,0.3366890735294119
46.923927,195493.7431372549,-26.31394512284765,0.3366890735294119
46.923927,197540.79803921568,-26.818322903371108,0.3366890735294119
46.923927,199587.85294117645,-29.610339847322244,0.3366890735294119
46.923927,201634.9078431372,-30.232748216720537,0.3366890735294119
46.923927,203681.96274509805,-26.88958231201272,0.3366890735294119
46.923927,205729.0176470588,-39.568498299566635,0.3366890735294119
46.923927,207776.0725490196,-29.980612032091692,0.3366890735294119
46.923927,209823.12745098036,-28.550286970149298,0.3366890735294119
46.923927,211870.1823529412,-36.68958446972232,0.3366890735294119
46.923927,213917.23725490196,-24.097383187432484,0.3366890735294119
46.989673,93140.99803921569,-38.12760611358548,0.3366890735294119
46.989673,95188.05294117646,-31.180515102634267,0.3366890735294119
46.989673,97235.10784313724,-25.995693806146797,0.3366890735294119
46.989673,99282.162745098,-30.082433162661417,0.3366890735294119
46.989673,101329.21764705885,-33.829846471095834,0.3366890735294119
46.989673,103376.2725490196,-20.269748173103338,0.3366890735294119
46.989673,105423.32745098036,-26.302493796815742,0.3366890735294119
46.989673,107470.38235294116,-35.54966627070478,0.3366890735294119
46.989673,109517.43725490198,-25.686388231288028,0.3366890735294119
46.989673,111564.49215686276,-18.583394969525333,0.3366890735294119
46.989673,113611.54705882352,-20.156231669938997,0.3366890735294119
46.989673,115658.60196078428,-27.284120165537008,0.3366890735294119
46.989673,117705.65686274506,-22.06944524759656,0.3366890735294119
46.989673,119752.71176470588,-17.4174574091013,0.3366890735294119
46.989673,121799.76666666666,-26.106707775865907,0.3366890735294119
46.989673,123846.82156862743,-16.109639690932568,0.3366890735294119
46.989673,125893.8764705882,-14.689385069661672,0.3366890735294119
46.989673,127940.93137254904,-8.890998840936515,0.3366890735294119
46.989673,129987.9862745098,1.4013294979196331,0.3366890735294119
46.989673,132035.04117647058,-0.1538402117937839,0.3366890735294119
46.989673,134082.09607843135,-11.222060982664464,0.3366890735294119
46.989673,136129.15098039212,-9.931815755237956,0.3366890735294119
46.989673,138176.20588235295,-13.473407463516311,0.3366890735294119
46.989673,140223.26078431372,-18.881102459134414,0.3366890735294119
46.989673,142270.3156862745,-12.909815672887508,0.3366890735294119
46.989673,144317.37058823527,-29.86369197086951,0.3366890735294119
46.989673,146364.4254901961,-30.316235587684773,0.3366890735294119
46.989673,148411.48039215687,-24.68080624271157,0.3366890735294119
46.989673,150458.53529411764,-18.888031796982332,0.3366890735294119
46.989673,152505.5901960784,-31.985757422159832,0.3366890735294119
46.989673,154552.64509803918,-18.243945819104393,0.3366890735294119
46.989673,156599.7,-21.46822276159923,0.3366890735294119
46.989673,158646.75490196078,-29.79831544367965,0.3366890735294119
46.989673,160693.80980392155,-23.221691100203635,0.3366890735294119
46.989673,162740.86470588233,-28.30053102251203,0.3366890735294119
46.989673,164787.91960784316,-27.22323745561832,0.3366890735294119
46.989673,166834.97450980393,-25.51829119870721,0.3366890735294119
46.989673,168882.0294117647,-35.795699332659204,0.3366890735294119
46.989673,170929.08431372547,-38.472296277724965,0.3366890735294119
46.989673,172976.13921568624,-25.175799303807803,0.3366890735294119
46.989673,175023.19411764707,-30.97481970818744,0.3366890735294119
46.989673,177070.24901960784,-26.979011899782872,0.3366890735294119
46.989673,179117.3039215686,-31.80536376256378,0.3366890735294119
46.989673,181164.3588235294,-23.52608048409675,0.3366890735294119
46.989673,183211.41372549016,-20.574183894652435,0.3366890735294119
46.989673,185258.468627451,-24.727693874136,0.3366890735294119
46.989673,187305.52352941176,-26.852617431806884,0.3366890735294119
46.989673,189352.57843137253,-26.59139663902403,0.3366890735294119
46.989673,191399.6333333333,-23.13254285687478,0.3366890735294119
46.989673,193446.68823529413,-30.08901790564073,0.3366890735294119
46.989673,195493.7431372549,-27.24981755298047,0.3366890735294119
46.989673,197540.79803921568,-42.909986400819534,0.3366890735294119
46.989673,199587.85294117645,-40.04262084811826,0.3366890735294119
46.989673,201634.9078431372,-27.31397585562725,0.3366890735294119
46.989673,203681.96274509805,-27.37385529829519,0.3366890735294119
46.989673,205729.0176470588,-39.45686260205171,0.3366890735294119
46.989673,207776.0725490196,-32.345578020581904,0.3366890735294119
46.989673,209823.12745098036,-29.579331933885808,0.3366890735294119
46.989673,211870.1823529412,-34.32765056229343,0.3366890735294119
46.989673,213917.23725490196,-24.41706019975826,0.3366890735294119
47.049931,93140.99803921569,-23.279446783085408,0.3366890735294119
47.049931,95188.05294117646,-22.474691150284105,0.3366890735294119
47.049931,97235.10784313724,-18.89261723673708,0.3366890735294119
47.049931,99282.162745098,-22.09339832564268,0.3366890735294119
47.049931,101329.21764705885,-21.26174469213118,0.3366890735294119
47.049931,103376.2725490196,-42.88756595425588,0.3366890735294119
47.049931,105423.32745098036,-15.634305072135028,0.3366890735294119
47.049931,107470.38235294116,-21.23994627976809,0.3366890735294119
47.049931,109517.43725490198,-15.573232854024784,0.3366890735294119
47.049931,111564.49215686276,-24.360042256861195,0.3366890735294119
47.049931,113611.54705882352,-17.562926149376473,0.3366890735294119
47.049931,115658.60196078428,-22.323591959917263,0.3366890735294119
47.049931,117705.65686274506,-27.939364620290643,0.3366890735294119
47.049931,119752.71176470588,-15.576237227101068,0.3366890735294119
47.049931,121799.76666666666,-15.199919854767344,0.3366890735294119
47.049931,123846.82156862743,-14.973617929242945,0.3366890735294119
47.049931,125893.8764705882,-31.47452381291728,0.3366890735294119
47.049931,127940.93137254904,-8.414505551548965,0.3366890735294119
47.049931,129987.9862745098,2.296256780960297,0.3366890735294119
47.049931,132035.04117647058,-0.8576479073021208,0.3366890735294119
47.049931,134082.09607843135,-7.648298900627301,0.3366890735294119
47.049931,136129.15098039212,-14.131622069112836,0.3366890735294119
47.049931,138176.20588235295,-19.302027065146948,0.3366890735294119
47.049931,140223.26078431372,-13.94300156017444,0.3366890735294119
47.049931,142270.3156862745,-15.890308530583445,0.3366890735294119
47.049931,144317.37058823527,-35.98420267178245,0.3366890735294119
47.049931,146364.4254901961,-25.714705990601647,0.3366890735294119
47.049931,148411.48039215687,-23.62932238944213,0.3366890735294119
47.049931,150458.53529411764,-22.300988563614823,0.3366890735294119
47.049931,152505.5901960784,-23.424615643468385,0.3366890735294119
47.049931,154552.64509803918,-22.981463723892293,0.3366890735294119
47.049931,156599.7,-29.106721912066533,0.3366890735294119
47.049931,158646.75490196078,-29.142378509995694,0.3366890735294119
47.049931,160693.80980392155,-26.509204836425617,0.3366890735294119
47.049931,162740.86470588233,-28.92854812757879,0.3366890735294119
47.049931,164787.91960784316,-30.390186849408902,0.3366890735294119
47.049931,166834.97450980393,-30.28198468413231,0.3366890735294119
47.049931,168882.0294117647,-29.235109970891152,0.3366890735294119
47.049931,170929.08431372547,-38.50933553102185,0.3366890735294119
47.049931,172976.13921568624,-21.37316953573974,0.3366890735294119
47.049931,175023.19411764707,-25.25019248031358,0.3366890735294119
47.049931,177070.24901960784,-20.84771518148743,0.3366890735294119
47.049931,179117.3039215686,-25.06052765527641,0.3366890735294119
47.049931,181164.3588235294,-18.203408088891383,0.3366890735294119
47.049931,183211.41372549016,-15.053021480976296,0.3366890735294119
47.049931,185258.468627451,-23.08398380829292,0.3366890735294119
47.049931,187305.52352941176,-18.349123719645057,0.3366890735294119
47.049931,189352.57843137253,-19.953992876076256,0.3366890735294119
47.049931,191399.6333333333,-39.98145106843124,0.3366890735294119
47.049931,193446.68823529413,-21.180616235362727,0.3366890735294119
47.049931,195493.7431372549,-30.82805051047394,0.3366890735294119
47.049931,197540.79803921568,-25.759931843854616,0.3366890735294119
47.049931,199587.85294117645,-27.82057769859324,0.3366890735294119
47.049931,201634.9078431372,-31.38323630098735,0.3366890735294119
47.049931,203681.96274509805,-24.30473537622197,0.3366890735294119
47.049931,205729.0176470588,-29.030372238530248,0.3366890735294119
47.049931,207776.0725490196,-30.461762707103468,0.3366890735294119
47.049931,209823.12745098036,-31.97941334107012,0.3366890735294119
47.049931,211870.1823529412,-29.666845420928126,0.3366890735294119
47.049931,213917.23725490196,-27.17282370265163,0.3366890735294119
47.109943,93140.99803921569,-32.2241538761668,0.3366890735294119
47.109943,95188.05294117646,-20.801953069326377,0.3366890735294119
47.109943,97235.10784313724,-22.68190439544906,0.3366890735294119
47.109943,99282.162745098,-23.55276176736126,0.3366890735294119
47.109943,101329.21764705885,-19.587554889104204,0.3366890735294119
47.109943,103376.2725490196,-23.090255700393246,0.3366890735294119
47.109943,105423.32745098036,-17.618256728009033,0.3366890735294119
47.109943,107470.38235294116,-22.11180145743587,0.3366890735294119
47.109943,109517.43725490198,-15.63716865521998,0.3366890735294119
47.109943,111564.49215686276,-22.265494683082785,0.3366890735294119
47.109943,113611.54705882352,-17.780889538900073,0.3366890735294119
47.109943,115658.60196078428,-34.36051299322136,0.3366890735294119
47.109943,117705.65686274506,-17.566331528803488,0.3366890735294119
47.109943,119752.71176470588,-18.17693503806835,0.3366890735294119
47.109943,121799.76666666666,-13.588872666029255,0.3366890735294119
47.109943,123846.82156862743,-12.494565220886438,0.3366890735294119
47.109943,125893.8764705882,-25.969564560215645,0.3366890735294119
47.109943,127940.93137254904,-7.314031757154282,0.3366890735294119
47.109943,129987.9862745098,1.7365505063079376,0.3366890735294119
47.109943,132035.04117647058,-1.5125768188830526,0.3366890735294119
47.109943,134082.09607843135,-8.577698275587878,0.3366890735294119
47.109943,136129.15098039212,-15.8192884209112,0.3366890735294119
47.109943,138176.20588235295,-21.781537558457487,0.3366890735294119
47.109943,140223.26078431372,-14.401883558869596,0.3366890735294119
47.109943,142270.3156862745,-14.88759181322715,0.3366890735294119
47.109943,144317.37058823527,-36.47189318918397,0.3366890735294119
47.109943,146364.4254901961,-27.657041758824377,0.3366890735294119
47.109943,148411.48039215687,-27.17836055224715,0.3366890735294119
47.109943,150458.53529411764,-20.294264726060423,0.3366890735294119
47.109943,152505.5901960784,-21.98270112076006,0.3366890735294119
47.109943,154552.64509803918,-23.86326464097913,0.3366890735294119
47.109943,156599.7,-30.593005931314792,0.3366890735294119
47.109943,158646.75490196078,-29.487373550170386,0.3366890735294119
47.109943,160693.80980392155,-35.201221543614324,0.3366890735294119
47.109943,162740.86470588233,-22.76043027659633,0.3366890735294119
47.109943,164787.91960784316,-27.39597433933129,0.3366890735294119
47.109943,166834.97450980393,-34.84018130592247,0.3366890735294119
47.109943,168882.0294117647,-23.36332833037475,0.3366890735294119
47.109943,170929.08431372547,-26.67804134154227,0.3366890735294119
47.109943,172976.13921568624,-23.57731021064012,0.3366890735294119
47.109943,175023.19411764707,-22.322745598748416,0.3366890735294119
47.109943,177070.24901960784,-24.83392750919595,0.3366890735294119
47.109943,179117.3039215686,-24.857030203687476,0.3366890735294119
47.109943,181164.3588235294,-18.10933157744133,0.3366890735294119
47.109943,183211.41372549016,-16.316264984670507,0.3366890735294119
47.109943,185258.468627451,-23.65349042353293,0.3366890735294119
47.109943,187305.52352941176,-16.564346297673133,0.3366890735294119
47.109943,189352.57843137253,-25.29801566851792,0.3366890735294119
47.109943,191399.6333333333,-29.30131524274075,0.3366890735294119
47.109943,193446.68823529413,-21.413214762656448,0.3366890735294119
47.109943,195493.7431372549,-41.9192805303145,0.3366890735294119
47.109943,197540.79803921568,-30.509068352018332,0.3366890735294119
47.109943,199587.85294117645,-26.688438681996463,0.3366890735294119
47.109943,201634.9078431372,-33.69910317041472,0.3366890735294119
47.109943,203681.96274509805,-25.011974858079004,0.3366890735294119
47.109943,205729.0176470588,-30.10323483149699,0.3366890735294119
47.109943,207776.0725490196,-29.14801539491444,0.3366890735294119
47.109943,209823.12745098036,-36.00186244430981,0.3366890735294119
47.109943,211870.1823529412,-30.970686092060348,0.3366890735294119
47.109943,213917.23725490196,-41.2213336673821,0.3366890735294119
47.168616,93140.99803921569,-37.2267498725029,0.3366890735294119
47.168616,95188.05294117646,-22.72191685235835,0.3366890735294119
47.168616,97235.10784313724,-20.957801622441256,0.3366890735294119
47.168616,99282.162745098,-23.650518260653325,0.3366890735294119
47.168616,101329.21764705885,-20.006797630862117,0.3366890735294119
47.168616,103376.2725490196,-21.856833117186625,0.3366890735294119
47.168616,105423.32745098036,-22.02139413431066,0.3366890735294119
47.168616,107470.38235294116,-21.476465633842835,0.3366890735294119
47.168616,109517.43725490198,-22.00546997019156,0.3366890735294119
47.168616,111564.49215686276,-17.951724584323955,0.3366890735294119
47.168616,113611.54705882352,-18.917416727903735,0.3366890735294119
47.168616,115658.60196078428,-26.76907535349684,0.3366890735294119
47.168616,117705.65686274506,-19.471166159536693,0.3366890735294119
47.168616,119752.71176470588,-17.87715904532601,0.3366890735294119
47.168616,121799.76666666666,-13.648313530083772,0.3366890735294119
47.168616,123846.82156862743,-10.855066002650553,0.3366890735294119
47.168616,125893.8764705882,-18.42415857300372,0.3366890735294119
47.168616,127940.93137254904,-7.556042951848431,0.3366890735294119
47.168616,129987.9862745098,1.5855854253500752,0.3366890735294119
47.168616,132035.04117647058,-2.3299197639081433,0.3366890735294119
47.168616,134082.09607843135,-9.315952685004634,0.3366890735294119
47.168616,136129.15098039212,-17.58745244560385,0.3366890735294119
47.168616,138176.20588235295,-23.556600391789388,0.3366890735294119
47.168616,140223.26078431372,-18.32547958717772,0.3366890735294119
47.168616,142270.3156862745,-16.709374802333326,0.3366890735294119
47.168616,144317.37058823527,-22.117482293950772,0.3366890735294119
47.168616,146364.4254901961,-30.05828733668028,0.3366890735294119
47.168616,148411.48039215687,-24.338449553814637,0.3366890735294119
47.168616,150458.53529411764,-22.39944811080223,0.3366890735294119
47.168616,152505.5901960784,-20.083898754286786,0.3366890735294119
47.168616,154552.64509803918,-25.86703180495189,0.3366890735294119
47.168616,156599.7,-28.397235108303587,0.3366890735294119
47.168616,158646.75490196078,-33.11841635605959,0.3366890735294119
47.168616,160693.80980392155,-29.037745118774776,0.3366890735294119
47.168616,162740.86470588233,-24.8153373864851,0.3366890735294119
47.168616,164787.91960784316,-30.96554894228759,0.3366890735294119
47.168616,166834.97450980393,-29.680197844135584,0.3366890735294119
47.168616,168882.0294117647,-24.39129370946114,0.3366890735294119
47.168616,170929.08431372547,-26.459209530095546,0.3366890735294119
47.168616,172976.13921568624,-38.019129067430995,0.3366890735294119
47.168616,175023.19411764707,-20.091809909326148,0.3366890735294119
47.168616,177070.24901960784,-39.3659901109428,0.3366890735294119
47.168616,179117.3039215686,-23.15115518944324,0.3366890735294119
47.168616,181164.3588235294,-18.99953976810434,0.3366890735294119
47.168616,183211.41372549016,-16.942004124216265,0.3366890735294119
47.168616,185258.468627451,-27.758337192664445,0.3366890735294119
47.168616,187305.52352941176,-19.779813554263864,0.3366890735294119
47.168616,189352.57843137253,-22.413069293896832,0.3366890735294119
47.168616,191399.6333333333,-25.690558241177794,0.3366890735294119
47.168616,193446.68823529413,-31.19813266780099,0.3366890735294119
47.168616,195493.7431372549,-30.51244093157139,0.3366890735294119
47.168616,197540.79803921568,-32.469243300706864,0.3366890735294119
47.168616,199587.85294117645,-26.79222755901952,0.3366890735294119
47.168616,201634.9078431372,-31.95714016116648,0.3366890735294119
47.168616,203681.96274509805,-31.58972834908093,0.3366890735294119
47.168616,205729.0176470588,-36.80919138068022,0.3366890735294119
47.168616,207776.0725490196,-27.478800033790613,0.3366890735294119
47.168616,209823.12745098036,-38.616547471345925,0.3366890735294119
47.168616,211870.1823529412,-28.2169585513382,0.3366890735294119
47.168616,213917.23725490196,-46.93999323588394,0.3366890735294119
47.22768,93140.99803921569,-25.08473002663226,0.3366890735294119
47.22768,95188.05294117646,-22.044273816966715,0.3366890735294119
47.22768,97235.10784313724,-18.446354306572484,0.3366890735294119
47.22768,99282.162745098,-21.929448627446895,0.3366890735294119
47.22768,101329.21764705885,-18.29036012319696,0.3366890735294119
47.22768,103376.2725490196,-18.895014877969224,0.3366890735294119
47.22768,105423.32745098036,-21.25151711552635,0.3366890735294119
47.22768,107470.38235294116,-20.870414186967324,0.3366890735294119
47.22768,109517.43725490198,-29.758357105995703,0.3366890735294119
47.22768,111564.49215686276,-13.491392582295562,0.3366890735294119
47.22768,113611.54705882352,-23.619041861304662,0.3366890735294119
47.22768,115658.60196078428,-22.203589086673254,0.3366890735294119
47.22768,117705.65686274506,-29.41630953994207,0.3366890735294119
47.22768,119752.71176470588,-13.655051903203862,0.3366890735294119
47.22768,121799.76666666666,-13.748812829079322,0.3366890735294119
47.22768,123846.82156862743,-11.895879612563004,0.3366890735294119
47.22768,125893.8764705882,-15.180004785252574,0.3366890735294119
47.22768,127940.93137254904,-9.095018753483634,0.3366890735294119
47.22768,129987.9862745098,1.367000969399751,0.3366890735294119
47.22768,132035.04117647058,-3.086097843552728,0.3366890735294119
47.22768,134082.09607843135,-9.229317964980584,0.3366890735294119
47.22768,136129.15098039212,-28.939070441912065,0.3366890735294119
47.22768,138176.20588235295,-19.12251830738751,0.3366890735294119
47.22768,140223.26078431372,-21.96395644100473,0.3366890735294119
47.22768,142270.3156862745,-21.185887559465066,0.3366890735294119
47.22768,144317.37058823527,-19.518616939348764,0.3366890735294119
47.22768,146364.4254901961,-30.955382521944586,0.3366890735294119
47.22768,148411.48039215687,-27.162247748775066,0.3366890735294119
47.22768,150458.53529411764,-24.718641180215396,0.3366890735294119
47.22768,152505.5901960784,-23.083869976110364,0.3366890735294119
47.22768,154552.64509803918,-19.705389831408414,0.3366890735294119
47.22768,156599.7,-24.49253967195636,0.3366890735294119
47.22768,158646.75490196078,-27.51503296590663,0.3366890735294119
47.22768,160693.80980392155,-28.741277184241287,0.3366890735294119
47.22768,162740.86470588233,-23.12747899664526,0.3366890735294119
47.22768,164787.91960784316,-32.83715741109425,0.3366890735294119
47.22768,166834.97450980393,-39.62957443120941,0.3366890735294119
47.22768,168882.0294117647,-26.11750267889576,0.3366890735294119
47.22768,170929.08431372547,-24.87491714490886,0.3366890735294119
47.22768,172976.13921568624,-27.55403898015093,0.3366890735294119
47.22768,175023.19411764707,-18.06567187196609,0.3366890735294119
47.22768,177070.24901960784,-23.68844197461422,0.3366890735294119
47.22768,179117.3039215686,-20.890316492353964,0.3366890735294119
47.22768,181164.3588235294,-21.268122348788506,0.3366890735294119
47.22768,183211.41372549016,-16.648312334091912,0.3366890735294119
47.22768,185258.468627451,-23.96276543006281,0.3366890735294119
47.22768,187305.52352941176,-22.554137057770415,0.3366890735294119
47.22768,189352.57843137253,-19.990169750389235,0.3366890735294119
47.22768,191399.6333333333,-26.50659614636291,0.3366890735294119
47.22768,193446.68823529413,-35.14505526296325,0.3366890735294119
47.22768,195493.7431372549,-26.15959004687964,0.3366890735294119
47.22768,197540.79803921568,-30.68492162733464,0.3366890735294119
47.22768,199587.85294117645,-32.961863583035246,0.3366890735294119
47.22768,201634.9078431372,-33.088527115169406,0.3366890735294119
47.22768,203681.96274509805,-26.540455798914177,0.3366890735294119
47.22768,205729.0176470588,-31.08474083923892,0.3366890735294119
47.22768,207776.0725490196,-28.96814640014544,0.3366890735294119
47.22768,209823.12745098036,-32.02057048106243,0.3366890735294119
47.22768,211870.1823529412,-32.15090272610374,0.3366890735294119
47.22768,213917.23725490196,-36.269771758275915,0.3366890735294119
47.288758,93140.99803921569,-25.499654723750886,0.3366890735294119
47.288758,95188.05294117646,-19.584680585516015,0.3366890735294119
47.288758,97235.10784313724,-20.105901366011935,0.3366890735294119
47.288758,99282.162745098,-18.754505907567857,0.3366890735294119
47.288758,101329.21764705885,-16.716230250401004,0.3366890735294119
47.288758,103376.2725490196,-16.73115565644663,0.3366890735294119
47.288758,105423.32745098036,-18.98282875471118,0.3366890735294119
47.288758,107470.38235294116,-21.40120742742132,0.3366890735294119
47.288758,109517.43725490198,-32.10603227605556,0.3366890735294119
47.288758,111564.49215686276,-12.662184134154428,0.3366890735294119
47.288758,113611.54705882352,-23.78642779014737,0.3366890735294119
47.288758,115658.60196078428,-20.862033898442274,0.3366890735294119
47.288758,117705.65686274506,-20.022352053223045,0.3366890735294119
47.288758,119752.71176470588,-14.77103220889388,0.3366890735294119
47.288758,121799.76666666666,-13.363015899114288,0.3366890735294119
47.288758,123846.82156862743,-11.548012767594532,0.3366890735294119
47.288758,125893.8764705882,-12.529436681077954,0.3366890735294119
47.288758,127940.93137254904,-10.70230784466657,0.3366890735294119
47.288758,129987.9862745098,0.3770567006595605,0.3366890735294119
47.288758,132035.04117647058,-5.868047511111624,0.3366890735294119
47.288758,134082.09607843135,-9.155343583801097,0.3366890735294119
47.288758,136129.15098039212,-20.233869786306222,0.3366890735294119
47.288758,138176.20588235295,-19.97979279193382,0.3366890735294119
47.288758,140223.26078431372,-20.432673490779504,0.3366890735294119
47.288758,142270.3156862745,-25.428319230632997,0.3366890735294119
47.288758,144317.37058823527,-21.14943031601328,0.3366890735294119
47.288758,146364.4254901961,-25.639346869266365,0.3366890735294119
47.288758,148411.48039215687,-25.82162531490905,0.3366890735294119
47.288758,150458.53529411764,-32.73967433844654,0.3366890735294119
47.288758,152505.5901960784,-22.78995200108173,0.3366890735294119
47.288758,154552.64509803918,-18.539513093518696,0.3366890735294119
47.288758,156599.7,-31.892340571425084,0.3366890735294119
47.288758,158646.75490196078,-24.005355413137288,0.3366890735294119
47.288758,160693.80980392155,-28.903935620279412,0.3366890735294119
47.288758,162740.86470588233,-23.234881684446215,0.3366890735294119
47.288758,164787.91960784316,-29.462015946694898,0.3366890735294119
47.288758,166834.97450980393,-27.31788642945874,0.3366890735294119
47.288758,168882.0294117647,-24.987528167591066,0.3366890735294119
47.288758,170929.08431372547,-21.705628259504156,0.3366890735294119
47.288758,172976.13921568624,-22.15956252003644,0.3366890735294119
47.288758,175023.19411764707,-15.054101536210172,0.3366890735294119
47.288758,177070.24901960784,-14.739241706173347,0.3366890735294119
47.288758,179117.3039215686,-18.105292279177352,0.3366890735294119
47.288758,181164.3588235294,-21.98931515172901,0.3366890735294119
47.288758,183211.41372549016,-16.65516956675803,0.3366890735294119
47.288758,185258.468627451,-21.36755218704623,0.3366890735294119
47.288758,187305.52352941176,-17.244119162932673,0.3366890735294119
47.288758,189352.57843137253,-23.33693989715985,0.3366890735294119
47.288758,191399.6333333333,-26.58255107091472,0.3366890735294119
47.288758,193446.68823529413,-31.357046840534007,0.3366890735294119
47.288758,195493.7431372549,-22.545218381009807,0.3366890735294119
47.288758,197540.79803921568,-35.59982096396027,0.3366890735294119
47.288758,199587.85294117645,-34.15270298591797,0.3366890735294119
47.288758,201634.9078431372,-28.14165761028198,0.3366890735294119
47.288758,203681.96274509805,-24.51507045162082,0.3366890735294119
47.288758,205729.0176470588,-28.297210806846632,0.3366890735294119
47.288758,207776.0725490196,-32.00217985919919,0.3366890735294119
47.288758,209823.12745098036,-25.74764363063968,0.3366890735294119
47.288758,211870.1823529412,-28.294982628503405,0.3366890735294119
47.288758,213917.23725490196,-33.57405536055025,0.3366890735294119
47.346829,93140.99803921569,-31.006265527235936,0.3366890735294119
47.346829,95188.05294117646,-20.70238585449065,0.3366890735294119
47.346829,97235.10784313724,-22.03851333852091,0.3366890735294119
47.346829,99282.162745098,-26.307605021221665,0.3366890735294119
47.346829,101329.21764705885,-27.745408365902904,0.3366890735294119
47.346829,103376.2725490196,-17.668138411125046,0.3366890735294119
47.346829,105423.32745098036,-17.487382182075866,0.3366890735294119
47.346829,107470.38235294116,-19.630591872764622,0.3366890735294119
47.346829,109517.43725490198,-16.142227446768878,0.3366890735294119
47.346829,111564.49215686276,-18.002748960883963,0.3366890735294119
47.346829,113611.54705882352,-27.728008155127707,0.3366890735294119
47.346829,115658.60196078428,-20.664772407884556,0.3366890735294119
47.346829,117705.65686274506,-23.97084886477422,0.3366890735294119
47.346829,119752.71176470588,-26.1349152178066,0.3366890735294119
47.346829,121799.76666666666,-19.00844948759516,0.3366890735294119
47.346829,123846.82156862743,-13.054795037722233,0.3366890735294119
47.346829,125893.8764705882,-11.516230460319044,0.3366890735294119
47.346829,127940.93137254904,-9.930877295917307,0.3366890735294119
47.346829,129987.9862745098,-3.2842848215590985,0.3366890735294119
47.346829,132035.04117647058,-13.081691703171984,0.3366890735294119
47.346829,134082.09607843135,-8.819224784238928,0.3366890735294119
47.346829,136129.15098039212,-17.862270479123335,0.3366890735294119
47.346829,138176.20588235295,-30.745805220493207,0.3366890735294119
47.346829,140223.26078431372,-16.08588309318646,0.3366890735294119
47.346829,142270.3156862745,-26.498567287128346,0.3366890735294119
47.346829,144317.37058823527,-16.445523640997962,0.3366890735294119
47.346829,146364.4254901961,-24.67135318923289,0.3366890735294119
47.346829,148411.48039215687,-25.5177672254544,0.3366890735294119
47.346829,150458.53529411764,-23.547766127528273,0.3366890735294119
47.346829,152505.5901960784,-26.16448813620228,0.3366890735294119
47.346829,154552.64509803918,-18.72841089852669,0.3366890735294119
47.346829,156599.7,-27.982491217231207,0.3366890735294119
47.346829,158646.75490196078,-28.22153573706136,0.3366890735294119
47.346829,160693.80980392155,-21.714610076327045,0.3366890735294119
47.346829,162740.86470588233,-31.135348707165026,0.3366890735294119
47.346829,164787.91960784316,-21.67418754759547,0.3366890735294119
47.346829,166834.97450980393,-32.01953640965363,0.3366890735294119
47.346829,168882.0294117647,-22.251117398584945,0.3366890735294119
47.346829,170929.08431372547,-20.137946319957884,0.3366890735294119
47.346829,172976.13921568624,-29.08557395213682,0.3366890735294119
47.346829,175023.19411764707,-14.280845807817313,0.3366890735294119
47.346829,177070.24901960784,-17.64746039333754,0.3366890735294119
47.346829,179117.3039215686,-25.0583302592795,0.3366890735294119
47.346829,181164.3588235294,-15.514689293891191,0.3366890735294119
47.346829,183211.41372549016,-11.363326433347542,0.3366890735294119
47.346829,185258.468627451,-24.14523668996507,0.3366890735294119
47.346829,187305.52352941176,-15.898462654883168,0.3366890735294119
47.346829,189352.57843137253,-19.2146163069632,0.3366890735294119
47.346829,191399.6333333333,-31.0719418643026,0.3366890735294119
47.346829,193446.68823529413,-25.28304777827526,0.3366890735294119
47.346829,195493.7431372549,-22.9104073919874,0.3366890735294119
47.346829,197540.79803921568,-43.57421793074255,0.3366890735294119
47.346829,199587.85294117645,-29.71948333026275,0.3366890735294119
47.346829,201634.9078431372,-26.097959695163393,0.3366890735294119
47.346829,203681.96274509805,-21.273448743600586,0.3366890735294119
47.346829,205729.0176470588,-41.34052289014835,0.3366890735294119
47.346829,207776.0725490196,-29.310270260245467,0.3366890735294119
47.346829,209823.12745098036,-26.77634059308087,0.3366890735294119
47.346829,211870.1823529412,-27.592050594866393,0.3366890735294119
47.346829,213917.23725490196,-36.708752571819744,0.3366890735294119
47.428697,93140.99803921569,-26.535844508653145,0.3366890735294119
47.428697,95188.05294117646,-21.929118107209224,0.3366890735294119
47.428697,97235.10784313724,-18.915046128549417,0.3366890735294119
47.428697,99282.162745098,-23.292184903660313,0.3366890735294119
47.428697,101329.21764705885,-25.07205343179355,0.3366890735294119
47.428697,103376.2725490196,-18.5704517071716,0.3366890735294119
47.428697,105423.32745098036,-14.816654512734848,0.3366890735294119
47.428697,107470.38235294116,-14.964045326932547,0.3366890735294119
47.428697,109517.43725490198,-14.88723018257016,0.3366890735294119
47.428697,111564.49215686276,-26.7727776774789,0.3366890735294119
47.428697,113611.54705882352,-21.76160734086774,0.3366890735294119
47.428697,115658.60196078428,-23.8384762382725,0.3366890735294119
47.428697,117705.65686274506,-24.0049419014576,0.3366890735294119
47.428697,119752.71176470588,-25.07749383213591,0.3366890735294119
47.428697,121799.76666666666,-22.276945511077106,0.3366890735294119
47.428697,123846.82156862743,-14.382371652871283,0.3366890735294119
47.428697,125893.8764705882,-14.647532580779307,0.3366890735294119
47.428697,127940.93137254904,-7.1182325800370805,0.3366890735294119
47.428697,129987.9862745098,-5.481463277726148,0.3366890735294119
47.428697,132035.04117647058,-6.280666756020164,0.3366890735294119
47.428697,134082.09607843135,-15.6526135913042,0.3366890735294119
47.428697,136129.15098039212,-11.323940113508415,0.3366890735294119
47.428697,138176.20588235295,-20.124895002593636,0.3366890735294119
47.428697,140223.26078431372,-21.286708283613976,0.3366890735294119
47.428697,142270.3156862745,-16.307304992507447,0.3366890735294119
47.428697,144317.37058823527,-16.472097775603434,0.3366890735294119
47.428697,146364.4254901961,-23.80886076763624,0.3366890735294119
47.428697,148411.48039215687,-26.79713670807571,0.3366890735294119
47.428697,150458.53529411764,-33.65030990463107,0.3366890735294119
47.428697,152505.5901960784,-44.839967577501405,0.3366890735294119
47.428697,154552.64509803918,-22.99033887563496,0.3366890735294119
47.428697,156599.7,-35.45067683178978,0.3366890735294119
47.428697,158646.75490196078,-39.14121503372301,0.3366890735294119
47.428697,160693.80980392155,-24.55470139760379,0.3366890735294119
47.428697,162740.86470588233,-34.14293292524522,0.3366890735294119
47.428697,164787.91960784316,-19.97241258870785,0.3366890735294119
47.428697,166834.97450980393,-38.84372331122145,0.3366890735294119
47.428697,168882.0294117647,-20.421845209532748,0.3366890735294119
47.428697,170929.08431372547,-19.695650080427875,0.3366890735294119
47.428697,172976.13921568624,-19.781519441958256,0.3366890735294119
47.428697,175023.19411764707,-13.798351169011864,0.3366890735294119
47.428697,177070.24901960784,-14.451315539833534,0.3366890735294119
47.428697,179117.3039215686,-22.068589288692316,0.3366890735294119
47.428697,181164.3588235294,-13.273143860095953,0.3366890735294119
47.428697,183211.41372549016,-10.892277657394208,0.3366890735294119
47.428697,185258.468627451,-21.15877461155804,0.3366890735294119
47.428697,187305.52352941176,-17.048074159509827,0.3366890735294119
47.428697,189352.57843137253,-18.73791593201367,0.3366890735294119
47.428697,191399.6333333333,-21.181804326931346,0.3366890735294119
47.428697,193446.68823529413,-37.58625927203424,0.3366890735294119
47.428697,195493.7431372549,-28.75532870081276,0.3366890735294119
47.428697,197540.79803921568,-26.1922228108757,0.3366890735294119
47.428697,199587.85294117645,-18.16301710867488,0.3366890735294119
47.428697,201634.9078431372,-25.69459595191006,0.3366890735294119
47.428697,203681.96274509805,-20.591997989731873,0.3366890735294119
47.428697,205729.0176470588,-32.79265837809957,0.3366890735294119
47.428697,207776.0725490196,-28.45923655110205,0.3366890735294119
47.428697,209823.12745098036,-33.68258166455915,0.3366890735294119
47.428697,211870.1823529412,-32.57887951232235,0.3366890735294119
47.428697,213917.23725490196,-23.103618536572075,0.3366890735294119
47.491358,93140.99803921569,-22.960326073716026,0.3366890735294119
47.491358,95188.05294117646,-16.969695056277732,0.3366890735294119
47.491358,97235.10784313724,-22.148762692801338,0.3366890735294119
47.491358,99282.162745098,-20.86934308502541,0.3366890735294119
47.491358,101329.21764705885,-25.437779665989225,0.3366890735294119
47.491358,103376.2725490196,-18.57067201024167,0.3366890735294119
47.491358,105423.32745098036,-14.21284286214199,0.3366890735294119
47.491358,107470.38235294116,-15.032118962331072,0.3366890735294119
47.491358,109517.43725490198,-15.968220334346544,0.3366890735294119
47.491358,111564.49215686276,-27.86977095117837,0.3366890735294119
47.491358,113611.54705882352,-19.48378102871572,0.3366890735294119
47.491358,115658.60196078428,-22.84380684565157,0.3366890735294119
47.491358,117705.65686274506,-29.74740484661953,0.3366890735294119
47.491358,119752.71176470588,-24.68261184879006,0.3366890735294119
47.491358,121799.76666666666,-20.128128710455755,0.3366890735294119
47.491358,123846.82156862743,-13.35064748336331,0.3366890735294119
47.491358,125893.8764705882,-14.543641179458003,0.3366890735294119
47.491358,127940.93137254904,-6.290110882498991,0.3366890735294119
47.491358,129987.9862745098,-5.249672092972738,0.3366890735294119
47.491358,132035.04117647058,-6.755274681713529,0.3366890735294119
47.491358,134082.09607843135,-13.15853091690224,0.3366890735294119
47.491358,136129.15098039212,-12.313156054156549,0.3366890735294119
47.491358,138176.20588235295,-22.511160836375264,0.3366890735294119
47.491358,140223.26078431372,-14.932922065150422,0.3366890735294119
47.491358,142270.3156862745,-17.9558572785935,0.3366890735294119
47.491358,144317.37058823527,-16.508486551522456,0.3366890735294119
47.491358,146364.4254901961,-24.013063497390817,0.3366890735294119
47.491358,148411.48039215687,-28.798750008283488,0.3366890735294119
47.491358,150458.53529411764,-26.390937936061484,0.3366890735294119
47.491358,152505.5901960784,-30.180453973420835,0.3366890735294119
47.491358,154552.64509803918,-24.154667338142236,0.3366890735294119
47.491358,156599.7,-38.63174537019903,0.3366890735294119
47.491358,158646.75490196078,-42.05003851462671,0.3366890735294119
47.491358,160693.80980392155,-23.49976494940583,0.3366890735294119
47.491358,162740.86470588233,-45.49386690372317,0.3366890735294119
47.491358,164787.91960784316,-18.886370880880637,0.3366890735294119
47.491358,166834.97450980393,-50.99375574024342,0.3366890735294119
47.491358,168882.0294117647,-21.53435387792768,0.3366890735294119
47.491358,170929.08431372547,-22.58635207017198,0.3366890735294119
47.491358,172976.13921568624,-21.11361914207943,0.3366890735294119
47.491358,175023.19411764707,-14.894381433592985,0.3366890735294119
47.491358,177070.24901960784,-16.862210400749568,0.3366890735294119
47.491358,179117.3039215686,-25.740145420598346,0.3366890735294119
47.491358,181164.3588235294,-11.415321120561885,0.3366890735294119
47.491358,183211.41372549016,-10.681522448675874,0.3366890735294119
47.491358,185258.468627451,-20.277621448677152,0.3366890735294119
47.491358,187305.52352941176,-14.741442206580311,0.3366890735294119
47.491358,189352.57843137253,-16.86554168725849,0.3366890735294119
47.491358,191399.6333333333,-19.355255630554563,0.3366890735294119
47.491358,193446.68823529413,-22.279159358683582,0.3366890735294119
47.491358,195493.7431372549,-30.4760404395762,0.3366890735294119
47.491358,197540.79803921568,-30.938985149512188,0.3366890735294119
47.491358,199587.85294117645,-19.618699024396797,0.3366890735294119
47.491358,201634.9078431372,-26.21997455140977,0.3366890735294119
47.491358,203681.96274509805,-19.21882836969507,0.3366890735294119
47.491358,205729.0176470588,-28.155485784216072,0.3366890735294119
47.491358,207776.0725490196,-27.794957727162593,0.3366890735294119
47.491358,209823.12745098036,-39.71339327611319,0.3366890735294119
47.491358,211870.1823529412,-26.224809792900537,0.3366890735294119
47.491358,213917.23725490196,-23.31130909798695,0.3366890735294119
47.548751,93140.99803921569,-22.01224942654816,0.474865279411764
47.548751,95188.05294117646,-17.002177827207955,0.474865279411764
47.548751,97235.10784313724,-21.007312896526443,0.474865279411764
47.548751,99282.162745098,-26.78191412137366,0.474865279411764
47.548751,101329.21764705885,-30.754794812546564,0.474865279411764
47.548751,103376.2725490196,-18.516110066331,0.474865279411764
47.548751,105423.32745098036,-22.638239404051888,0.474865279411764
47.548751,107470.38235294116,-30.457769989143365,0.474865279411764
47.548751,109517.43725490198,-18.484604963227532,0.474865279411764
47.548751,111564.49215686276,-17.239989211157063,0.474865279411764
47.548751,113611.54705882352,-21.59624406911414,0.474865279411764
47.548751,115658.60196078428,-36.33796292088074,0.474865279411764
47.548751,117705.65686274506,-30.34790853754664,0.474865279411764
47.548751,119752.71176470588,-18.088007314204336,0.474865279411764
47.548751,121799.76666666666,-31.908123027711476,0.474865279411764
47.548751,123846.82156862743,-17.261492015386892,0.474865279411764
47.548751,125893.8764705882,-10.268562792186684,0.474865279411764
47.548751,127940.93137254904,-9.2131067167996,0.474865279411764
47.548751,129987.9862745098,-6.69098630031307,0.474865279411764
47.548751,132035.04117647058,-5.22663268300644,0.474865279411764
47.548751,134082.09607843135,-16.138702631249195,0.474865279411764
47.548751,136129.15098039212,-12.306469414616126,0.474865279411764
47.548751,138176.20588235295,-19.42003312397961,0.474865279411764
47.548751,140223.26078431372,-16.760245953475767,0.474865279411764
47.548751,142270.3156862745,-20.470002386591897,0.474865279411764
47.548751,144317.37058823527,-20.939957245024225,0.474865279411764
47.548751,146364.4254901961,-26.780434428318223,0.474865279411764
47.548751,148411.48039215687,-24.1544046753387,0.474865279411764
47.548751,150458.53529411764,-26.154426961260555,0.474865279411764
47.548751,152505.5901960784,-29.13255707979118,0.474865279411764
47.548751,154552.64509803918,-24.998907887359422,0.474865279411764
47.548751,156599.7,-25.7917508374674,0.474865279411764
47.548751,158646.75490196078,-34.41835612623759,0.474865279411764
47.548751,160693.80980392155,-22.629478711842,0.474865279411764
47.548751,162740.86470588233,-23.168665031121854,0.474865279411764
47.548751,164787.91960784316,-27.186783282359084,0.474865279411764
47.548751,166834.97450980393,-23.573327101058787,0.474865279411764
47.548751,168882.0294117647,-29.985175232868546,0.474865279411764
47.548751,170929.08431372547,-30.93303750211931,0.474865279411764
47.548751,172976.13921568624,-37.12413904724309,0.474865279411764
47.548751,175023.19411764707,-19.601709526145193,0.474865279411764
47.548751,177070.24901960784,-22.162261297568477,0.474865279411764
47.548751,179117.3039215686,-18.859414386582777,0.474865279411764
47.548751,181164.3588235294,-14.284366063310827,0.474865279411764
47.548751,183211.41372549016,-15.19059160427072,0.474865279411764
47.548751,185258.468627451,-19.880100559632357,0.474865279411764
47.548751,187305.52352941176,-22.450944766241445,0.474865279411764
47.548751,189352.57843137253,-31.395170592650658,0.474865279411764
47.548751,191399.6333333333,-25.34232699403899,0.474865279411764
47.548751,193446.68823529413,-36.61665933192368,0.474865279411764
47.548751,195493.7431372549,-24.441749641554463,0.474865279411764
47.548751,197540.79803921568,-25.830361214760376,0.474865279411764
47.548751,199587.85294117645,-21.55461535306363,0.474865279411764
47.548751,201634.9078431372,-29.390012827347416,0.474865279411764
47.548751,203681.96274509805,-20.288620687223865,0.474865279411764
47.548751,205729.0176470588,-29.259432168175294,0.474865279411764
47.548751,207776.0725490196,-31.93144266365484,0.474865279411764
47.548751,209823.12745098036,-26.62200969476773,0.474865279411764
47.548751,211870.1823529412,-35.28757378126211,0.474865279411764
47.548751,213917.23725490196,-24.69686626270958,0.474865279411764
47.635951,93140.99803921569,-27.349690559617372,0.3366890735294119
47.635951,95188.05294117646,-18.93849957349172,0.3366890735294119
47.635951,97235.10784313724,-17.719918485554196,0.3366890735294119
47.635951,99282.162745098,-24.295196840898036,0.3366890735294119
47.635951,101329.21764705885,-27.05449301986711,0.3366890735294119
47.635951,103376.2725490196,-19.18212022058457,0.3366890735294119
47.635951,105423.32745098036,-14.457405603081977,0.3366890735294119
47.635951,107470.38235294116,-16.917932159504158,0.3366890735294119
47.635951,109517.43725490198,-14.682578666262248,0.3366890735294119
47.635951,111564.49215686276,-21.256655458075784,0.3366890735294119
47.635951,113611.54705882352,-18.85743477671258,0.3366890735294119
47.635951,115658.60196078428,-24.105947936535408,0.3366890735294119
47.635951,117705.65686274506,-28.11679193512464,0.3366890735294119
47.635951,119752.71176470588,-23.509596618009777,0.3366890735294119
47.635951,121799.76666666666,-20.407683089393423,0.3366890735294119
47.635951,123846.82156862743,-12.527874153599328,0.3366890735294119
47.635951,125893.8764705882,-14.329472558026596,0.3366890735294119
47.635951,127940.93137254904,-6.243418126127454,0.3366890735294119
47.635951,129987.9862745098,-4.662595012319769,0.3366890735294119
47.635951,132035.04117647058,-6.4387537582554994,0.3366890735294119
47.635951,134082.09607843135,-17.470547717210703,0.3366890735294119
47.635951,136129.15098039212,-13.282477928429588,0.3366890735294119
47.635951,138176.20588235295,-17.41226096937049,0.3366890735294119
47.635951,140223.26078431372,-19.05462595141125,0.3366890735294119
47.635951,142270.3156862745,-19.616105509467584,0.3366890735294119
47.635951,144317.37058823527,-19.627176553691644,0.3366890735294119
47.635951,146364.4254901961,-22.260443784197975,0.3366890735294119
47.635951,148411.48039215687,-28.75662957014297,0.3366890735294119
47.635951,150458.53529411764,-30.47953666970153,0.3366890735294119
47.635951,152505.5901960784,-34.013050878773065,0.3366890735294119
47.635951,154552.64509803918,-25.09422543861013,0.3366890735294119
47.635951,156599.7,-25.343718389858815,0.3366890735294119
47.635951,158646.75490196078,-29.22973633490395,0.3366890735294119
47.635951,160693.80980392155,-22.608199108811892,0.3366890735294119
47.635951,162740.86470588233,-25.103679699607063,0.3366890735294119
47.635951,164787.91960784316,-20.403222787629844,0.3366890735294119
47.635951,166834.97450980393,-32.95908622974141,0.3366890735294119
47.635951,168882.0294117647,-19.12238566750772,0.3366890735294119
47.635951,170929.08431372547,-22.192007727810847,0.3366890735294119
47.635951,172976.13921568624,-19.744096100791932,0.3366890735294119
47.635951,175023.19411764707,-11.821334941863183,0.3366890735294119
47.635951,177070.24901960784,-14.0840191990981,0.3366890735294119
47.635951,179117.3039215686,-16.40814604912309,0.3366890735294119
47.635951,181164.3588235294,-13.152924070404277,0.3366890735294119
47.635951,183211.41372549016,-9.838961671579764,0.3366890735294119
47.635951,185258.468627451,-24.73095653258008,0.3366890735294119
47.635951,187305.52352941176,-15.612006250966042,0.3366890735294119
47.635951,189352.57843137253,-20.333891445497585,0.3366890735294119
47.635951,191399.6333333333,-24.10357640960921,0.3366890735294119
47.635951,193446.68823529413,-33.23914131581983,0.3366890735294119
47.635951,195493.7431372549,-38.91131398790205,0.3366890735294119
47.635951,197540.79803921568,-26.108226859712108,0.3366890735294119
47.635951,199587.85294117645,-19.677081379693316,0.3366890735294119
47.635951,201634.9078431372,-27.777071128662968,0.3366890735294119
47.635951,203681.96274509805,-20.826573347425004,0.3366890735294119
47.635951,205729.0176470588,-36.97753524602235,0.3366890735294119
47.635951,207776.0725490196,-27.164419069597685,0.3366890735294119
47.635951,209823.12745098036,-28.862792609918184,0.3366890735294119
47.635951,211870.1823529412,-30.953246405864192,0.3366890735294119
47.635951,213917.23725490196,-23.87492345020279,0.3366890735294119
47.703505,93140.99803921569,-26.67019998855977,0.3366890735294119
47.703505,95188.05294117646,-16.338717276112135,0.3366890735294119
47.703505,97235.10784313724,-17.894499904879797,0.3366890735294119
47.703505,99282.162745098,-25.00155086425549,0.3366890735294119
47.703505,101329.21764705885,-23.31349285915686,0.3366890735294119
47.703505,103376.2725490196,-18.39694571733292,0.3366890735294119
47.703505,105423.32745098036,-14.52216578755884,0.3366890735294119
47.703505,107470.38235294116,-15.298521184328129,0.3366890735294119
47.703505,109517.43725490198,-14.740261844851952,0.3366890735294119
47.703505,111564.49215686276,-20.02213150308379,0.3366890735294119
47.703505,113611.54705882352,-19.562590113139564,0.3366890735294119
47.703505,115658.60196078428,-21.895683177292938,0.3366890735294119
47.703505,117705.65686274506,-25.539237919576752,0.3366890735294119
47.703505,119752.71176470588,-26.346065406661133,0.3366890735294119
47.703505,121799.76666666666,-18.20100141865275,0.3366890735294119
47.703505,123846.82156862743,-11.468662512071168,0.3366890735294119
47.703505,125893.8764705882,-13.588616523873664,0.3366890735294119
47.703505,127940.93137254904,-6.250015104826781,0.3366890735294119
47.703505,129987.9862745098,-4.889160859015657,0.3366890735294119
47.703505,132035.04117647058,-6.95558426608847,0.3366890735294119
47.703505,134082.09607843135,-17.97907101956344,0.3366890735294119
47.703505,136129.15098039212,-13.524027705862448,0.3366890735294119
47.703505,138176.20588235295,-18.895747159482053,0.3366890735294119
47.703505,140223.26078431372,-12.631200354943836,0.3366890735294119
47.703505,142270.3156862745,-16.877490645117387,0.3366890735294119
47.703505,144317.37058823527,-14.748664132607365,0.3366890735294119
47.703505,146364.4254901961,-20.47290904723473,0.3366890735294119
47.703505,148411.48039215687,-30.520816848303124,0.3366890735294119
47.703505,150458.53529411764,-24.155593115623446,0.3366890735294119
47.703505,152505.5901960784,-34.05721241829392,0.3366890735294119
47.703505,154552.64509803918,-24.04867291676323,0.3366890735294119
47.703505,156599.7,-26.46946785310434,0.3366890735294119
47.703505,158646.75490196078,-32.2921395707088,0.3366890735294119
47.703505,160693.80980392155,-22.144298658114785,0.3366890735294119
47.703505,162740.86470588233,-27.716297887883243,0.3366890735294119
47.703505,164787.91960784316,-18.898933659595578,0.3366890735294119
47.703505,166834.97450980393,-38.136642097401754,0.3366890735294119
47.703505,168882.0294117647,-20.949310705072687,0.3366890735294119
47.703505,170929.08431372547,-21.134038556932317,0.3366890735294119
47.703505,172976.13921568624,-18.66068781127769,0.3366890735294119
47.703505,175023.19411764707,-12.224426939666364,0.3366890735294119
47.703505,177070.24901960784,-15.466446642980369,0.3366890735294119
47.703505,179117.3039215686,-16.012736214350006,0.3366890735294119
47.703505,181164.3588235294,-13.10712517158004,0.3366890735294119
47.703505,183211.41372549016,-9.926548620282572,0.3366890735294119
47.703505,185258.468627451,-19.856814182615416,0.3366890735294119
47.703505,187305.52352941176,-14.808786524347536,0.3366890735294119
47.703505,189352.57843137253,-21.60766308527341,0.3366890735294119
47.703505,191399.6333333333,-24.642417476125075,0.3366890735294119
47.703505,193446.68823529413,-28.48189785753281,0.3366890735294119
47.703505,195493.7431372549,-32.3906305998252,0.3366890735294119
47.703505,197540.79803921568,-28.682068787457,0.3366890735294119
47.703505,199587.85294117645,-19.14575837475686,0.3366890735294119
47.703505,201634.9078431372,-31.04811296664295,0.3366890735294119
47.703505,203681.96274509805,-22.568401561655975,0.3366890735294119
47.703505,205729.0176470588,-44.93714909845223,0.3366890735294119
47.703505,207776.0725490196,-34.75788181458022,0.3366890735294119
47.703505,209823.12745098036,-25.141750527174885,0.3366890735294119
47.703505,211870.1823529412,-29.64770863883367,0.3366890735294119
47.703505,213917.23725490196,-23.900990450163953,0.3366890735294119
